subsample	bootstrap	mrca	same_city	different_city	same_country	different_country_same_continent	different_country	neighbors	not_neighbors	close_countries	distant_countries	different_continent
subsample_0001	1	[0,2]	113	25	138	12	12	12	0	12	0	0
subsample_0001	1	(2,6]	76	254	330	25	25	23	2	25	0	0
subsample_0001	1	(6,40]	47	278	325	326	326	304	22	326	0	0
subsample_0002	1	[0,2]	72	16	88	8	8	8	0	8	0	0
subsample_0002	1	(2,6]	63	128	191	12	12	12	0	12	0	0
subsample_0002	1	(6,40]	51	307	358	478	478	445	33	478	0	0
subsample_0003	1	[0,2]	84	9	93	9	9	9	0	9	0	0
subsample_0003	1	(2,6]	103	119	222	16	16	16	0	16	0	0
subsample_0003	1	(6,40]	49	472	521	474	474	443	31	474	0	0
subsample_0004	1	[0,2]	135	12	147	1	1	1	0	1	0	0
subsample_0004	1	(2,6]	90	185	275	4	4	4	0	4	0	0
subsample_0004	1	(6,40]	37	365	402	330	330	311	19	330	0	0
subsample_0005	1	[0,2]	91	23	114	2	2	2	0	2	0	0
subsample_0005	1	(2,6]	52	132	184	1	1	1	0	1	0	0
subsample_0005	1	(6,40]	50	227	277	377	377	341	36	377	0	0
subsample_0006	1	[0,2]	132	17	149	2	2	2	0	2	0	0
subsample_0006	1	(2,6]	98	138	236	8	8	8	0	8	0	0
subsample_0006	1	(6,40]	32	328	360	323	323	285	38	323	0	0
subsample_0007	1	[0,2]	93	30	123	0	0	0	0	0	0	0
subsample_0007	1	(2,6]	56	178	234	7	7	7	0	7	0	0
subsample_0007	1	(6,40]	36	234	270	259	259	229	30	259	0	0
subsample_0008	1	[0,2]	79	14	93	9	9	9	0	9	0	0
subsample_0008	1	(2,6]	98	150	248	9	9	9	0	9	0	0
subsample_0008	1	(6,40]	66	360	426	416	416	378	38	416	0	0
subsample_0009	1	[0,2]	127	16	143	2	2	2	0	2	0	0
subsample_0009	1	(2,6]	76	136	212	7	7	7	0	7	0	0
subsample_0009	1	(6,40]	64	368	432	291	291	280	11	291	0	0
subsample_0010	1	[0,2]	49	17	66	4	4	4	0	4	0	0
subsample_0010	1	(2,6]	27	82	109	14	14	14	0	14	0	0
subsample_0010	1	(6,40]	61	354	415	403	403	375	28	403	0	0
subsample_0011	1	[0,2]	94	22	116	2	2	2	0	2	0	0
subsample_0011	1	(2,6]	49	170	219	6	6	6	0	6	0	0
subsample_0011	1	(6,40]	31	393	424	348	348	318	30	348	0	0
subsample_0012	1	[0,2]	92	28	120	0	0	0	0	0	0	0
subsample_0012	1	(2,6]	27	87	114	3	3	3	0	3	0	0
subsample_0012	1	(6,40]	72	212	284	233	233	219	14	233	0	0
subsample_0013	1	[0,2]	99	16	115	3	3	3	0	3	0	0
subsample_0013	1	(2,6]	46	198	244	3	3	3	0	3	0	0
subsample_0013	1	(6,40]	66	281	347	372	372	367	5	372	0	0
subsample_0014	1	[0,2]	123	24	147	10	10	10	0	10	0	0
subsample_0014	1	(2,6]	95	152	247	3	3	3	0	3	0	0
subsample_0014	1	(6,40]	38	368	406	375	375	334	41	375	0	0
subsample_0015	1	[0,2]	81	23	104	0	0	0	0	0	0	0
subsample_0015	1	(2,6]	50	168	218	3	3	3	0	3	0	0
subsample_0015	1	(6,40]	39	234	273	337	337	299	38	337	0	0
subsample_0016	1	[0,2]	147	17	164	1	1	1	0	1	0	0
subsample_0016	1	(2,6]	101	173	274	7	7	7	0	7	0	0
subsample_0016	1	(6,40]	35	263	298	330	330	297	33	330	0	0
subsample_0017	1	[0,2]	104	28	132	0	0	0	0	0	0	0
subsample_0017	1	(2,6]	49	164	213	8	8	8	0	8	0	0
subsample_0017	1	(6,40]	33	431	464	285	285	274	11	285	0	0
subsample_0018	1	[0,2]	90	32	122	5	5	5	0	5	0	0
subsample_0018	1	(2,6]	63	147	210	13	13	13	0	13	0	0
subsample_0018	1	(6,40]	38	310	348	358	358	354	4	358	0	0
subsample_0019	1	[0,2]	138	4	142	2	2	2	0	2	0	0
subsample_0019	1	(2,6]	47	150	197	2	2	2	0	2	0	0
subsample_0019	1	(6,40]	44	307	351	287	287	255	32	287	0	0
subsample_0020	1	[0,2]	85	31	116	4	4	4	0	4	0	0
subsample_0020	1	(2,6]	84	145	229	6	6	6	0	6	0	0
subsample_0020	1	(6,40]	56	279	335	452	452	419	33	452	0	0
subsample_0021	1	[0,2]	78	5	83	6	6	6	0	6	0	0
subsample_0021	1	(2,6]	23	147	170	8	8	8	0	8	0	0
subsample_0021	1	(6,40]	57	376	433	382	382	323	59	382	0	0
subsample_0022	1	[0,2]	120	11	131	5	5	5	0	5	0	0
subsample_0022	1	(2,6]	66	187	253	6	6	6	0	6	0	0
subsample_0022	1	(6,40]	50	277	327	368	368	346	22	368	0	0
subsample_0023	1	[0,2]	92	16	108	2	2	2	0	2	0	0
subsample_0023	1	(2,6]	83	179	262	4	4	4	0	4	0	0
subsample_0023	1	(6,40]	63	236	299	284	284	275	9	284	0	0
subsample_0024	1	[0,2]	112	12	124	6	6	6	0	6	0	0
subsample_0024	1	(2,6]	85	172	257	11	11	11	0	11	0	0
subsample_0024	1	(6,40]	46	288	334	313	313	285	28	313	0	0
subsample_0025	1	[0,2]	117	12	129	6	6	6	0	6	0	0
subsample_0025	1	(2,6]	53	262	315	9	9	9	0	9	0	0
subsample_0025	1	(6,40]	40	277	317	319	319	287	32	319	0	0
subsample_0026	1	[0,2]	138	8	146	4	4	4	0	4	0	0
subsample_0026	1	(2,6]	52	186	238	4	4	4	0	4	0	0
subsample_0026	1	(6,40]	54	215	269	327	327	313	14	327	0	0
subsample_0027	1	[0,2]	83	12	95	0	0	0	0	0	0	0
subsample_0027	1	(2,6]	46	149	195	4	4	4	0	4	0	0
subsample_0027	1	(6,40]	50	263	313	333	333	311	22	333	0	0
subsample_0028	1	[0,2]	72	8	80	0	0	0	0	0	0	0
subsample_0028	1	(2,6]	68	137	205	6	6	6	0	6	0	0
subsample_0028	1	(6,40]	40	319	359	389	389	331	58	389	0	0
subsample_0029	1	[0,2]	97	13	110	0	0	0	0	0	0	0
subsample_0029	1	(2,6]	24	25	49	2	2	2	0	2	0	0
subsample_0029	1	(6,40]	90	305	395	209	209	196	13	209	0	0
subsample_0030	1	[0,2]	114	37	151	2	2	2	0	2	0	0
subsample_0030	1	(2,6]	74	151	225	7	7	7	0	7	0	0
subsample_0030	1	(6,40]	34	293	327	448	448	423	25	448	0	0
subsample_0031	1	[0,2]	82	15	97	7	7	7	0	7	0	0
subsample_0031	1	(2,6]	24	132	156	0	0	0	0	0	0	0
subsample_0031	1	(6,40]	43	313	356	333	333	311	22	333	0	0
subsample_0032	1	[0,2]	131	7	138	4	4	4	0	4	0	0
subsample_0032	1	(2,6]	54	273	327	4	4	4	0	4	0	0
subsample_0032	1	(6,40]	48	231	279	322	322	299	23	322	0	0
subsample_0033	1	[0,2]	69	25	94	6	6	6	0	6	0	0
subsample_0033	1	(2,6]	56	117	173	6	6	6	0	6	0	0
subsample_0033	1	(6,40]	53	415	468	448	448	400	48	448	0	0
subsample_0034	1	[0,2]	84	2	86	6	6	6	0	6	0	0
subsample_0034	1	(2,6]	64	79	143	9	9	9	0	9	0	0
subsample_0034	1	(6,40]	40	308	348	352	352	337	15	352	0	0
subsample_0035	1	[0,2]	83	2	85	2	2	2	0	2	0	0
subsample_0035	1	(2,6]	40	28	68	2	2	2	0	2	0	0
subsample_0035	1	(6,40]	60	417	477	316	316	300	16	316	0	0
subsample_0036	1	[0,2]	103	17	120	0	0	0	0	0	0	0
subsample_0036	1	(2,6]	61	142	203	5	5	5	0	5	0	0
subsample_0036	1	(6,40]	57	288	345	278	278	268	10	278	0	0
subsample_0037	1	[0,2]	103	15	118	0	0	0	0	0	0	0
subsample_0037	1	(2,6]	20	22	42	3	3	3	0	3	0	0
subsample_0037	1	(6,40]	90	360	450	181	181	168	13	181	0	0
subsample_0038	1	[0,2]	99	23	122	6	6	6	0	6	0	0
subsample_0038	1	(2,6]	84	274	358	15	15	15	0	15	0	0
subsample_0038	1	(6,40]	62	338	400	379	379	348	31	379	0	0
subsample_0039	1	[0,2]	120	19	139	3	3	3	0	3	0	0
subsample_0039	1	(2,6]	57	199	256	12	12	12	0	12	0	0
subsample_0039	1	(6,40]	48	315	363	391	391	383	8	391	0	0
subsample_0040	1	[0,2]	127	20	147	4	4	4	0	4	0	0
subsample_0040	1	(2,6]	87	143	230	4	4	4	0	4	0	0
subsample_0040	1	(6,40]	49	379	428	414	414	401	13	414	0	0
subsample_0041	1	[0,2]	133	3	136	4	4	4	0	4	0	0
subsample_0041	1	(2,6]	41	171	212	5	5	5	0	5	0	0
subsample_0041	1	(6,40]	56	404	460	345	345	317	28	345	0	0
subsample_0042	1	[0,2]	91	11	102	7	7	7	0	7	0	0
subsample_0042	1	(2,6]	57	121	178	6	6	6	0	6	0	0
subsample_0042	1	(6,40]	60	352	412	380	380	362	18	380	0	0
subsample_0043	1	[0,2]	68	22	90	4	4	4	0	4	0	0
subsample_0043	1	(2,6]	59	111	170	8	8	8	0	8	0	0
subsample_0043	1	(6,40]	80	419	499	429	429	412	17	429	0	0
subsample_0044	1	[0,2]	137	12	149	2	2	2	0	2	0	0
subsample_0044	1	(2,6]	68	187	255	8	8	8	0	8	0	0
subsample_0044	1	(6,40]	27	437	464	375	375	353	22	375	0	0
subsample_0045	1	[0,2]	104	14	118	3	3	3	0	3	0	0
subsample_0045	1	(2,6]	26	21	47	10	10	10	0	10	0	0
subsample_0045	1	(6,40]	88	366	454	300	300	284	16	300	0	0
subsample_0046	1	[0,2]	80	1	81	1	1	1	0	1	0	0
subsample_0046	1	(2,6]	47	47	94	1	1	1	0	1	0	0
subsample_0046	1	(6,40]	88	261	349	294	294	259	35	294	0	0
subsample_0047	1	[0,2]	108	19	127	3	3	3	0	3	0	0
subsample_0047	1	(2,6]	140	170	310	9	9	9	0	9	0	0
subsample_0047	1	(6,40]	54	333	387	292	292	272	20	292	0	0
subsample_0048	1	[0,2]	141	17	158	0	0	0	0	0	0	0
subsample_0048	1	(2,6]	71	154	225	4	4	4	0	4	0	0
subsample_0048	1	(6,40]	53	216	269	351	351	321	30	351	0	0
subsample_0049	1	[0,2]	105	24	129	0	0	0	0	0	0	0
subsample_0049	1	(2,6]	72	210	282	6	6	6	0	6	0	0
subsample_0049	1	(6,40]	58	246	304	360	360	315	45	360	0	0
subsample_0050	1	[0,2]	103	8	111	6	6	6	0	6	0	0
subsample_0050	1	(2,6]	77	106	183	10	10	10	0	10	0	0
subsample_0050	1	(6,40]	26	252	278	290	290	253	37	290	0	0
subsample_0051	1	[0,2]	101	14	115	2	2	2	0	2	0	0
subsample_0051	1	(2,6]	64	67	131	3	3	3	0	3	0	0
subsample_0051	1	(6,40]	62	346	408	186	186	172	14	186	0	0
subsample_0052	1	[0,2]	103	13	116	2	2	2	0	2	0	0
subsample_0052	1	(2,6]	46	150	196	4	4	4	0	4	0	0
subsample_0052	1	(6,40]	54	267	321	360	360	327	33	360	0	0
subsample_0053	1	[0,2]	143	34	177	0	0	0	0	0	0	0
subsample_0053	1	(2,6]	54	192	246	1	1	1	0	1	0	0
subsample_0053	1	(6,40]	60	267	327	305	305	290	15	305	0	0
subsample_0054	1	[0,2]	82	2	84	7	7	7	0	7	0	0
subsample_0054	1	(2,6]	17	8	25	4	4	4	0	4	0	0
subsample_0054	1	(6,40]	49	356	405	232	232	224	8	232	0	0
subsample_0055	1	[0,2]	117	10	127	2	2	2	0	2	0	0
subsample_0055	1	(2,6]	45	190	235	8	8	8	0	8	0	0
subsample_0055	1	(6,40]	55	338	393	395	395	382	13	395	0	0
subsample_0056	1	[0,2]	104	27	131	6	6	6	0	6	0	0
subsample_0056	1	(2,6]	60	132	192	6	6	6	0	6	0	0
subsample_0056	1	(6,40]	46	475	521	345	345	332	13	345	0	0
subsample_0057	1	[0,2]	96	29	125	3	3	3	0	3	0	0
subsample_0057	1	(2,6]	57	197	254	8	8	8	0	8	0	0
subsample_0057	1	(6,40]	60	359	419	372	372	357	15	372	0	0
subsample_0058	1	[0,2]	101	24	125	1	1	1	0	1	0	0
subsample_0058	1	(2,6]	11	15	26	1	1	1	0	1	0	0
subsample_0058	1	(6,40]	99	373	472	281	281	263	18	281	0	0
subsample_0059	1	[0,2]	96	22	118	0	0	0	0	0	0	0
subsample_0059	1	(2,6]	45	177	222	2	2	2	0	2	0	0
subsample_0059	1	(6,40]	60	231	291	410	410	363	47	410	0	0
subsample_0060	1	[0,2]	76	20	96	5	5	5	0	5	0	0
subsample_0060	1	(2,6]	48	161	209	7	7	7	0	7	0	0
subsample_0060	1	(6,40]	66	273	339	325	325	301	24	325	0	0
subsample_0061	1	[0,2]	90	6	96	6	6	6	0	6	0	0
subsample_0061	1	(2,6]	41	148	189	7	7	7	0	7	0	0
subsample_0061	1	(6,40]	51	346	397	381	381	354	27	381	0	0
subsample_0062	1	[0,2]	79	22	101	2	2	2	0	2	0	0
subsample_0062	1	(2,6]	60	132	192	2	2	2	0	2	0	0
subsample_0062	1	(6,40]	51	395	446	365	365	341	24	365	0	0
subsample_0063	1	[0,2]	75	18	93	2	2	2	0	2	0	0
subsample_0063	1	(2,6]	85	139	224	0	0	0	0	0	0	0
subsample_0063	1	(6,40]	48	371	419	340	340	308	32	340	0	0
subsample_0064	1	[0,2]	77	24	101	4	4	4	0	4	0	0
subsample_0064	1	(2,6]	44	131	175	5	5	5	0	5	0	0
subsample_0064	1	(6,40]	68	355	423	292	292	270	22	292	0	0
subsample_0065	1	[0,2]	58	18	76	1	1	1	0	1	0	0
subsample_0065	1	(2,6]	66	125	191	4	4	4	0	4	0	0
subsample_0065	1	(6,40]	69	271	340	282	282	278	4	282	0	0
subsample_0066	1	[0,2]	117	8	125	1	1	1	0	1	0	0
subsample_0066	1	(2,6]	78	111	189	6	6	6	0	6	0	0
subsample_0066	1	(6,40]	41	248	289	285	285	271	14	285	0	0
subsample_0067	1	[0,2]	165	23	188	5	5	5	0	5	0	0
subsample_0067	1	(2,6]	96	131	227	5	5	5	0	5	0	0
subsample_0067	1	(6,40]	31	323	354	378	378	360	18	378	0	0
subsample_0068	1	[0,2]	102	21	123	6	6	6	0	6	0	0
subsample_0068	1	(2,6]	94	226	320	11	11	11	0	11	0	0
subsample_0068	1	(6,40]	32	175	207	390	390	350	40	390	0	0
subsample_0069	1	[0,2]	128	9	137	1	1	1	0	1	0	0
subsample_0069	1	(2,6]	63	130	193	2	2	2	0	2	0	0
subsample_0069	1	(6,40]	51	206	257	300	300	268	32	300	0	0
subsample_0070	1	[0,2]	117	38	155	2	2	2	0	2	0	0
subsample_0070	1	(2,6]	64	192	256	5	5	5	0	5	0	0
subsample_0070	1	(6,40]	18	183	201	324	324	300	24	324	0	0
subsample_0071	1	[0,2]	126	5	131	2	2	2	0	2	0	0
subsample_0071	1	(2,6]	66	62	128	8	8	8	0	8	0	0
subsample_0071	1	(6,40]	67	391	458	285	285	260	25	285	0	0
subsample_0072	1	[0,2]	123	14	137	7	7	7	0	7	0	0
subsample_0072	1	(2,6]	68	106	174	6	6	6	0	6	0	0
subsample_0072	1	(6,40]	54	280	334	294	294	271	23	294	0	0
subsample_0073	1	[0,2]	134	23	157	1	1	1	0	1	0	0
subsample_0073	1	(2,6]	63	178	241	10	10	10	0	10	0	0
subsample_0073	1	(6,40]	38	397	435	259	259	230	29	259	0	0
subsample_0074	1	[0,2]	76	12	88	0	0	0	0	0	0	0
subsample_0074	1	(2,6]	63	108	171	11	11	11	0	11	0	0
subsample_0074	1	(6,40]	31	243	274	318	318	276	42	318	0	0
subsample_0075	1	[0,2]	88	16	104	2	2	2	0	2	0	0
subsample_0075	1	(2,6]	82	181	263	7	7	7	0	7	0	0
subsample_0075	1	(6,40]	56	375	431	337	337	331	6	337	0	0
subsample_0076	1	[0,2]	117	23	140	2	2	2	0	2	0	0
subsample_0076	1	(2,6]	83	258	341	5	5	5	0	5	0	0
subsample_0076	1	(6,40]	45	245	290	340	340	323	17	340	0	0
subsample_0077	1	[0,2]	102	12	114	0	0	0	0	0	0	0
subsample_0077	1	(2,6]	73	133	206	7	7	7	0	7	0	0
subsample_0077	1	(6,40]	49	308	357	209	209	180	29	209	0	0
subsample_0078	1	[0,2]	83	18	101	0	0	0	0	0	0	0
subsample_0078	1	(2,6]	45	11	56	3	3	3	0	3	0	0
subsample_0078	1	(6,40]	114	491	605	232	232	231	1	232	0	0
subsample_0079	1	[0,2]	116	19	135	0	0	0	0	0	0	0
subsample_0079	1	(2,6]	75	151	226	4	4	4	0	4	0	0
subsample_0079	1	(6,40]	47	482	529	333	333	318	15	333	0	0
subsample_0080	1	[0,2]	99	12	111	0	0	0	0	0	0	0
subsample_0080	1	(2,6]	55	157	212	5	5	5	0	5	0	0
subsample_0080	1	(6,40]	54	271	325	277	277	267	10	277	0	0
subsample_0081	1	[0,2]	154	7	161	5	5	5	0	5	0	0
subsample_0081	1	(2,6]	59	213	272	16	16	16	0	16	0	0
subsample_0081	1	(6,40]	62	268	330	352	352	325	27	352	0	0
subsample_0082	1	[0,2]	124	18	142	3	3	3	0	3	0	0
subsample_0082	1	(2,6]	90	202	292	12	12	12	0	12	0	0
subsample_0082	1	(6,40]	33	390	423	428	428	407	21	428	0	0
subsample_0083	1	[0,2]	85	14	99	4	4	4	0	4	0	0
subsample_0083	1	(2,6]	49	119	168	2	2	2	0	2	0	0
subsample_0083	1	(6,40]	58	266	324	270	270	255	15	270	0	0
subsample_0084	1	[0,2]	138	2	140	0	0	0	0	0	0	0
subsample_0084	1	(2,6]	24	31	55	6	6	6	0	6	0	0
subsample_0084	1	(6,40]	58	460	518	172	172	163	9	172	0	0
subsample_0085	1	[0,2]	102	10	112	7	7	7	0	7	0	0
subsample_0085	1	(2,6]	50	120	170	10	10	10	0	10	0	0
subsample_0085	1	(6,40]	39	420	459	407	407	386	21	407	0	0
subsample_0086	1	[0,2]	88	27	115	3	3	3	0	3	0	0
subsample_0086	1	(2,6]	81	192	273	8	8	8	0	8	0	0
subsample_0086	1	(6,40]	26	354	380	311	311	286	25	311	0	0
subsample_0087	1	[0,2]	111	23	134	1	1	1	0	1	0	0
subsample_0087	1	(2,6]	108	145	253	4	4	4	0	4	0	0
subsample_0087	1	(6,40]	62	355	417	287	287	283	4	287	0	0
subsample_0088	1	[0,2]	114	24	138	2	2	2	0	2	0	0
subsample_0088	1	(2,6]	68	217	285	6	6	6	0	6	0	0
subsample_0088	1	(6,40]	43	278	321	400	400	360	40	400	0	0
subsample_0089	1	[0,2]	144	19	163	0	0	0	0	0	0	0
subsample_0089	1	(2,6]	89	169	258	4	4	4	0	4	0	0
subsample_0089	1	(6,40]	42	383	425	296	296	291	5	296	0	0
subsample_0090	1	[0,2]	95	5	100	3	3	3	0	3	0	0
subsample_0090	1	(2,6]	65	99	164	9	9	9	0	9	0	0
subsample_0090	1	(6,40]	47	237	284	292	292	252	40	292	0	0
subsample_0091	1	[0,2]	94	29	123	0	0	0	0	0	0	0
subsample_0091	1	(2,6]	65	164	229	20	20	20	0	20	0	0
subsample_0091	1	(6,40]	40	242	282	318	318	283	35	318	0	0
subsample_0092	1	[0,2]	135	16	151	5	5	5	0	5	0	0
subsample_0092	1	(2,6]	67	165	232	9	9	9	0	9	0	0
subsample_0092	1	(6,40]	35	268	303	320	320	312	8	320	0	0
subsample_0093	1	[0,2]	95	30	125	4	4	4	0	4	0	0
subsample_0093	1	(2,6]	89	165	254	12	12	12	0	12	0	0
subsample_0093	1	(6,40]	46	299	345	346	346	316	30	346	0	0
subsample_0094	1	[0,2]	106	14	120	2	2	2	0	2	0	0
subsample_0094	1	(2,6]	85	148	233	13	13	13	0	13	0	0
subsample_0094	1	(6,40]	44	446	490	426	426	409	17	426	0	0
subsample_0095	1	[0,2]	130	11	141	0	0	0	0	0	0	0
subsample_0095	1	(2,6]	75	107	182	2	2	2	0	2	0	0
subsample_0095	1	(6,40]	60	248	308	310	310	272	38	310	0	0
subsample_0096	1	[0,2]	127	32	159	2	2	2	0	2	0	0
subsample_0096	1	(2,6]	72	151	223	1	1	1	0	1	0	0
subsample_0096	1	(6,40]	53	335	388	381	381	358	23	381	0	0
subsample_0097	1	[0,2]	120	17	137	0	0	0	0	0	0	0
subsample_0097	1	(2,6]	55	159	214	7	7	7	0	7	0	0
subsample_0097	1	(6,40]	40	295	335	277	277	247	30	277	0	0
subsample_0098	1	[0,2]	124	3	127	5	5	5	0	5	0	0
subsample_0098	1	(2,6]	50	143	193	17	17	17	0	17	0	0
subsample_0098	1	(6,40]	44	242	286	314	314	298	16	314	0	0
subsample_0099	1	[0,2]	97	9	106	3	3	3	0	3	0	0
subsample_0099	1	(2,6]	21	48	69	10	10	10	0	10	0	0
subsample_0099	1	(6,40]	83	282	365	298	298	274	24	298	0	0
subsample_0100	1	[0,2]	146	11	157	0	0	0	0	0	0	0
subsample_0100	1	(2,6]	59	150	209	1	1	1	0	1	0	0
subsample_0100	1	(6,40]	43	231	274	240	240	225	15	240	0	0
subsample_0101	1	[0,2]	144	21	165	2	2	2	0	2	0	0
subsample_0101	1	(2,6]	103	221	324	1	1	1	0	1	0	0
subsample_0101	1	(6,40]	43	409	452	287	287	263	24	287	0	0
subsample_0102	1	[0,2]	105	21	126	0	0	0	0	0	0	0
subsample_0102	1	(2,6]	79	132	211	10	10	10	0	10	0	0
subsample_0102	1	(6,40]	59	295	354	396	396	377	19	396	0	0
subsample_0103	1	[0,2]	70	14	84	2	2	2	0	2	0	0
subsample_0103	1	(2,6]	57	168	225	5	5	5	0	5	0	0
subsample_0103	1	(6,40]	48	340	388	351	351	349	2	351	0	0
subsample_0104	1	[0,2]	89	3	92	1	1	1	0	1	0	0
subsample_0104	1	(2,6]	54	190	244	5	5	5	0	5	0	0
subsample_0104	1	(6,40]	68	276	344	299	299	282	17	299	0	0
subsample_0105	1	[0,2]	102	11	113	6	6	6	0	6	0	0
subsample_0105	1	(2,6]	76	150	226	2	2	2	0	2	0	0
subsample_0105	1	(6,40]	32	240	272	257	257	242	15	257	0	0
subsample_0106	1	[0,2]	185	24	209	6	6	6	0	6	0	0
subsample_0106	1	(2,6]	78	251	329	3	3	3	0	3	0	0
subsample_0106	1	(6,40]	31	337	368	347	347	331	16	347	0	0
subsample_0107	1	[0,2]	88	7	95	0	0	0	0	0	0	0
subsample_0107	1	(2,6]	58	59	117	1	1	1	0	1	0	0
subsample_0107	1	(6,40]	23	360	383	213	213	192	21	213	0	0
subsample_0108	1	[0,2]	118	14	132	3	3	3	0	3	0	0
subsample_0108	1	(2,6]	56	84	140	7	7	7	0	7	0	0
subsample_0108	1	(6,40]	54	367	421	359	359	346	13	359	0	0
subsample_0109	1	[0,2]	98	21	119	5	5	5	0	5	0	0
subsample_0109	1	(2,6]	99	120	219	5	5	5	0	5	0	0
subsample_0109	1	(6,40]	54	382	436	361	361	329	32	361	0	0
subsample_0110	1	[0,2]	76	14	90	0	0	0	0	0	0	0
subsample_0110	1	(2,6]	57	111	168	9	9	9	0	9	0	0
subsample_0110	1	(6,40]	49	259	308	297	297	278	19	297	0	0
subsample_0111	1	[0,2]	107	25	132	0	0	0	0	0	0	0
subsample_0111	1	(2,6]	35	81	116	4	4	4	0	4	0	0
subsample_0111	1	(6,40]	65	276	341	282	282	269	13	282	0	0
subsample_0112	1	[0,2]	97	18	115	1	1	1	0	1	0	0
subsample_0112	1	(2,6]	43	169	212	8	8	8	0	8	0	0
subsample_0112	1	(6,40]	65	405	470	364	364	343	21	364	0	0
subsample_0113	1	[0,2]	110	26	136	5	5	5	0	5	0	0
subsample_0113	1	(2,6]	72	232	304	19	19	19	0	19	0	0
subsample_0113	1	(6,40]	27	261	288	334	334	294	40	334	0	0
subsample_0114	1	[0,2]	117	18	135	2	2	2	0	2	0	0
subsample_0114	1	(2,6]	77	137	214	4	4	4	0	4	0	0
subsample_0114	1	(6,40]	45	213	258	327	327	300	27	327	0	0
subsample_0115	1	[0,2]	112	26	138	0	0	0	0	0	0	0
subsample_0115	1	(2,6]	62	206	268	6	6	6	0	6	0	0
subsample_0115	1	(6,40]	35	402	437	368	368	331	37	368	0	0
subsample_0116	1	[0,2]	181	7	188	2	2	2	0	2	0	0
subsample_0116	1	(2,6]	81	193	274	8	8	8	0	8	0	0
subsample_0116	1	(6,40]	45	415	460	440	440	423	17	440	0	0
subsample_0117	1	[0,2]	137	38	175	0	0	0	0	0	0	0
subsample_0117	1	(2,6]	61	174	235	2	2	2	0	2	0	0
subsample_0117	1	(6,40]	38	350	388	356	356	338	18	356	0	0
subsample_0118	1	[0,2]	105	15	120	5	5	5	0	5	0	0
subsample_0118	1	(2,6]	52	98	150	6	6	6	0	6	0	0
subsample_0118	1	(6,40]	50	283	333	295	295	277	18	295	0	0
subsample_0119	1	[0,2]	59	11	70	4	4	4	0	4	0	0
subsample_0119	1	(2,6]	38	40	78	16	16	16	0	16	0	0
subsample_0119	1	(6,40]	80	384	464	362	362	320	42	362	0	0
subsample_0120	1	[0,2]	156	21	177	4	4	4	0	4	0	0
subsample_0120	1	(2,6]	84	232	316	5	5	5	0	5	0	0
subsample_0120	1	(6,40]	13	232	245	262	262	245	17	262	0	0
subsample_0121	1	[0,2]	117	3	120	3	3	3	0	3	0	0
subsample_0121	1	(2,6]	55	95	150	9	9	9	0	9	0	0
subsample_0121	1	(6,40]	42	256	298	216	216	206	10	216	0	0
subsample_0122	1	[0,2]	127	21	148	0	0	0	0	0	0	0
subsample_0122	1	(2,6]	36	144	180	3	3	3	0	3	0	0
subsample_0122	1	(6,40]	47	345	392	348	348	328	20	348	0	0
subsample_0123	1	[0,2]	121	13	134	0	0	0	0	0	0	0
subsample_0123	1	(2,6]	39	115	154	0	0	0	0	0	0	0
subsample_0123	1	(6,40]	58	289	347	393	393	373	20	393	0	0
subsample_0124	1	[0,2]	98	7	105	0	0	0	0	0	0	0
subsample_0124	1	(2,6]	43	117	160	12	12	12	0	12	0	0
subsample_0124	1	(6,40]	62	273	335	313	313	299	14	313	0	0
subsample_0125	1	[0,2]	155	30	185	0	0	0	0	0	0	0
subsample_0125	1	(2,6]	111	383	494	3	3	3	0	3	0	0
subsample_0125	1	(6,40]	51	277	328	356	356	330	26	356	0	0
subsample_0126	1	[0,2]	98	25	123	0	0	0	0	0	0	0
subsample_0126	1	(2,6]	79	203	282	2	2	2	0	2	0	0
subsample_0126	1	(6,40]	68	387	455	333	333	316	17	333	0	0
subsample_0127	1	[0,2]	88	7	95	1	1	1	0	1	0	0
subsample_0127	1	(2,6]	52	144	196	7	7	7	0	7	0	0
subsample_0127	1	(6,40]	62	227	289	369	369	343	26	369	0	0
subsample_0128	1	[0,2]	132	22	154	2	2	2	0	2	0	0
subsample_0128	1	(2,6]	70	228	298	10	10	10	0	10	0	0
subsample_0128	1	(6,40]	48	288	336	294	294	252	42	294	0	0
subsample_0129	1	[0,2]	138	10	148	2	2	2	0	2	0	0
subsample_0129	1	(2,6]	66	130	196	2	2	2	0	2	0	0
subsample_0129	1	(6,40]	51	223	274	318	318	304	14	318	0	0
subsample_0130	1	[0,2]	110	9	119	0	0	0	0	0	0	0
subsample_0130	1	(2,6]	23	38	61	4	4	4	0	4	0	0
subsample_0130	1	(6,40]	102	527	629	206	206	196	10	206	0	0
subsample_0131	1	[0,2]	109	11	120	1	1	1	0	1	0	0
subsample_0131	1	(2,6]	64	162	226	8	8	8	0	8	0	0
subsample_0131	1	(6,40]	56	236	292	326	326	302	24	326	0	0
subsample_0132	1	[0,2]	127	6	133	0	0	0	0	0	0	0
subsample_0132	1	(2,6]	68	200	268	1	1	1	0	1	0	0
subsample_0132	1	(6,40]	75	224	299	275	275	272	3	275	0	0
subsample_0133	1	[0,2]	79	18	97	4	4	4	0	4	0	0
subsample_0133	1	(2,6]	24	27	51	3	3	3	0	3	0	0
subsample_0133	1	(6,40]	52	363	415	236	236	209	27	236	0	0
subsample_0134	1	[0,2]	94	16	110	0	0	0	0	0	0	0
subsample_0134	1	(2,6]	44	120	164	11	11	11	0	11	0	0
subsample_0134	1	(6,40]	50	368	418	330	330	312	18	330	0	0
subsample_0135	1	[0,2]	72	7	79	0	0	0	0	0	0	0
subsample_0135	1	(2,6]	21	21	42	8	8	8	0	8	0	0
subsample_0135	1	(6,40]	89	338	427	249	249	227	22	249	0	0
subsample_0136	1	[0,2]	145	24	169	4	4	4	0	4	0	0
subsample_0136	1	(2,6]	100	216	316	11	11	11	0	11	0	0
subsample_0136	1	(6,40]	61	306	367	374	374	339	35	374	0	0
subsample_0137	1	[0,2]	105	14	119	4	4	4	0	4	0	0
subsample_0137	1	(2,6]	76	121	197	6	6	6	0	6	0	0
subsample_0137	1	(6,40]	67	313	380	346	346	329	17	346	0	0
subsample_0138	1	[0,2]	61	11	72	4	4	4	0	4	0	0
subsample_0138	1	(2,6]	49	101	150	8	8	8	0	8	0	0
subsample_0138	1	(6,40]	55	240	295	313	313	306	7	313	0	0
subsample_0139	1	[0,2]	81	18	99	3	3	3	0	3	0	0
subsample_0139	1	(2,6]	58	129	187	7	7	7	0	7	0	0
subsample_0139	1	(6,40]	42	261	303	329	329	296	33	329	0	0
subsample_0140	1	[0,2]	160	23	183	1	1	1	0	1	0	0
subsample_0140	1	(2,6]	64	213	277	13	13	13	0	13	0	0
subsample_0140	1	(6,40]	42	258	300	227	227	225	2	227	0	0
subsample_0141	1	[0,2]	125	14	139	1	1	1	0	1	0	0
subsample_0141	1	(2,6]	54	132	186	2	2	2	0	2	0	0
subsample_0141	1	(6,40]	30	230	260	342	342	302	40	342	0	0
subsample_0142	1	[0,2]	114	31	145	1	1	1	0	1	0	0
subsample_0142	1	(2,6]	76	178	254	7	7	7	0	7	0	0
subsample_0142	1	(6,40]	55	354	409	254	254	231	23	254	0	0
subsample_0143	1	[0,2]	85	9	94	7	7	7	0	7	0	0
subsample_0143	1	(2,6]	37	120	157	12	12	12	0	12	0	0
subsample_0143	1	(6,40]	46	322	368	287	287	275	12	287	0	0
subsample_0144	1	[0,2]	113	22	135	6	6	6	0	6	0	0
subsample_0144	1	(2,6]	60	96	156	11	11	11	0	11	0	0
subsample_0144	1	(6,40]	37	206	243	413	413	375	38	413	0	0
subsample_0145	1	[0,2]	88	19	107	7	7	7	0	7	0	0
subsample_0145	1	(2,6]	38	127	165	8	8	8	0	8	0	0
subsample_0145	1	(6,40]	40	302	342	352	352	325	27	352	0	0
subsample_0146	1	[0,2]	106	14	120	0	0	0	0	0	0	0
subsample_0146	1	(2,6]	58	164	222	1	1	1	0	1	0	0
subsample_0146	1	(6,40]	63	300	363	347	347	339	8	347	0	0
subsample_0147	1	[0,2]	83	14	97	0	0	0	0	0	0	0
subsample_0147	1	(2,6]	31	116	147	4	4	4	0	4	0	0
subsample_0147	1	(6,40]	63	346	409	331	331	307	24	331	0	0
subsample_0148	1	[0,2]	95	38	133	3	3	3	0	3	0	0
subsample_0148	1	(2,6]	50	155	205	13	13	13	0	13	0	0
subsample_0148	1	(6,40]	56	376	432	392	392	329	63	392	0	0
subsample_0149	1	[0,2]	98	3	101	1	1	1	0	1	0	0
subsample_0149	1	(2,6]	21	23	44	7	7	7	0	7	0	0
subsample_0149	1	(6,40]	56	350	406	299	299	279	20	299	0	0
subsample_0150	1	[0,2]	141	22	163	3	3	3	0	3	0	0
subsample_0150	1	(2,6]	73	60	133	3	3	3	0	3	0	0
subsample_0150	1	(6,40]	46	315	361	231	231	230	1	231	0	0
subsample_0151	1	[0,2]	111	12	123	0	0	0	0	0	0	0
subsample_0151	1	(2,6]	61	49	110	4	4	4	0	4	0	0
subsample_0151	1	(6,40]	56	268	324	248	248	233	15	248	0	0
subsample_0152	1	[0,2]	65	10	75	0	0	0	0	0	0	0
subsample_0152	1	(2,6]	42	37	79	1	1	1	0	1	0	0
subsample_0152	1	(6,40]	60	333	393	238	238	228	10	238	0	0
subsample_0153	1	[0,2]	94	24	118	3	3	3	0	3	0	0
subsample_0153	1	(2,6]	57	154	211	17	17	17	0	17	0	0
subsample_0153	1	(6,40]	31	258	289	359	359	321	38	359	0	0
subsample_0154	1	[0,2]	86	14	100	3	3	3	0	3	0	0
subsample_0154	1	(2,6]	51	151	202	5	5	5	0	5	0	0
subsample_0154	1	(6,40]	51	288	339	295	295	280	15	295	0	0
subsample_0155	1	[0,2]	153	19	172	6	6	6	0	6	0	0
subsample_0155	1	(2,6]	82	198	280	13	13	13	0	13	0	0
subsample_0155	1	(6,40]	26	243	269	388	388	355	33	388	0	0
subsample_0156	1	[0,2]	138	15	153	2	2	2	0	2	0	0
subsample_0156	1	(2,6]	63	224	287	4	4	4	0	4	0	0
subsample_0156	1	(6,40]	41	332	373	404	404	387	17	404	0	0
subsample_0157	1	[0,2]	125	43	168	5	5	5	0	5	0	0
subsample_0157	1	(2,6]	64	171	235	0	0	0	0	0	0	0
subsample_0157	1	(6,40]	49	294	343	340	340	314	26	340	0	0
subsample_0158	1	[0,2]	111	10	121	3	3	3	0	3	0	0
subsample_0158	1	(2,6]	68	181	249	7	7	7	0	7	0	0
subsample_0158	1	(6,40]	38	295	333	426	426	392	34	426	0	0
subsample_0159	1	[0,2]	118	15	133	6	6	6	0	6	0	0
subsample_0159	1	(2,6]	65	141	206	2	2	2	0	2	0	0
subsample_0159	1	(6,40]	61	484	545	276	276	242	34	276	0	0
subsample_0160	1	[0,2]	125	10	135	3	3	3	0	3	0	0
subsample_0160	1	(2,6]	80	199	279	10	10	10	0	10	0	0
subsample_0160	1	(6,40]	43	337	380	381	381	349	32	381	0	0
subsample_0161	1	[0,2]	113	1	114	0	0	0	0	0	0	0
subsample_0161	1	(2,6]	58	122	180	4	4	4	0	4	0	0
subsample_0161	1	(6,40]	48	287	335	311	311	288	23	311	0	0
subsample_0162	1	[0,2]	115	19	134	1	1	1	0	1	0	0
subsample_0162	1	(2,6]	75	137	212	9	9	9	0	9	0	0
subsample_0162	1	(6,40]	55	341	396	333	333	319	14	333	0	0
subsample_0163	1	[0,2]	122	18	140	1	1	1	0	1	0	0
subsample_0163	1	(2,6]	77	212	289	9	9	9	0	9	0	0
subsample_0163	1	(6,40]	46	284	330	328	328	304	24	328	0	0
subsample_0164	1	[0,2]	115	15	130	7	7	7	0	7	0	0
subsample_0164	1	(2,6]	45	161	206	14	14	14	0	14	0	0
subsample_0164	1	(6,40]	55	293	348	341	341	306	35	341	0	0
subsample_0165	1	[0,2]	162	13	175	4	4	4	0	4	0	0
subsample_0165	1	(2,6]	94	160	254	7	7	7	0	7	0	0
subsample_0165	1	(6,40]	34	357	391	436	436	410	26	436	0	0
subsample_0166	1	[0,2]	96	6	102	0	0	0	0	0	0	0
subsample_0166	1	(2,6]	51	130	181	9	9	9	0	9	0	0
subsample_0166	1	(6,40]	44	317	361	362	362	317	45	362	0	0
subsample_0167	1	[0,2]	112	10	122	4	4	4	0	4	0	0
subsample_0167	1	(2,6]	69	168	237	7	7	7	0	7	0	0
subsample_0167	1	(6,40]	35	299	334	282	282	262	20	282	0	0
subsample_0168	1	[0,2]	90	18	108	4	4	4	0	4	0	0
subsample_0168	1	(2,6]	54	119	173	3	3	3	0	3	0	0
subsample_0168	1	(6,40]	57	353	410	336	336	320	16	336	0	0
subsample_0169	1	[0,2]	88	10	98	2	2	2	0	2	0	0
subsample_0169	1	(2,6]	73	156	229	7	7	7	0	7	0	0
subsample_0169	1	(6,40]	44	256	300	373	373	320	53	373	0	0
subsample_0170	1	[0,2]	152	16	168	3	3	3	0	3	0	0
subsample_0170	1	(2,6]	73	173	246	5	5	5	0	5	0	0
subsample_0170	1	(6,40]	56	290	346	355	355	331	24	355	0	0
subsample_0171	1	[0,2]	93	10	103	12	12	12	0	12	0	0
subsample_0171	1	(2,6]	30	92	122	8	8	8	0	8	0	0
subsample_0171	1	(6,40]	45	354	399	348	348	330	18	348	0	0
subsample_0172	1	[0,2]	113	13	126	1	1	1	0	1	0	0
subsample_0172	1	(2,6]	86	174	260	4	4	4	0	4	0	0
subsample_0172	1	(6,40]	60	342	402	303	303	259	44	303	0	0
subsample_0173	1	[0,2]	119	11	130	5	5	5	0	5	0	0
subsample_0173	1	(2,6]	81	150	231	6	6	6	0	6	0	0
subsample_0173	1	(6,40]	45	186	231	325	325	313	12	325	0	0
subsample_0174	1	[0,2]	100	10	110	0	0	0	0	0	0	0
subsample_0174	1	(2,6]	61	137	198	8	8	8	0	8	0	0
subsample_0174	1	(6,40]	37	435	472	270	270	245	25	270	0	0
subsample_0175	1	[0,2]	106	15	121	4	4	4	0	4	0	0
subsample_0175	1	(2,6]	67	186	253	9	9	9	0	9	0	0
subsample_0175	1	(6,40]	60	529	589	310	310	307	3	310	0	0
subsample_0176	1	[0,2]	76	23	99	2	2	2	0	2	0	0
subsample_0176	1	(2,6]	75	165	240	5	5	5	0	5	0	0
subsample_0176	1	(6,40]	77	376	453	332	332	317	15	332	0	0
subsample_0177	1	[0,2]	89	13	102	0	0	0	0	0	0	0
subsample_0177	1	(2,6]	23	91	114	8	8	8	0	8	0	0
subsample_0177	1	(6,40]	52	354	406	343	343	312	31	343	0	0
subsample_0178	1	[0,2]	93	5	98	0	0	0	0	0	0	0
subsample_0178	1	(2,6]	22	28	50	12	12	12	0	12	0	0
subsample_0178	1	(6,40]	74	404	478	339	339	296	43	339	0	0
subsample_0179	1	[0,2]	105	8	113	4	4	4	0	4	0	0
subsample_0179	1	(2,6]	70	149	219	5	5	5	0	5	0	0
subsample_0179	1	(6,40]	33	295	328	280	280	265	15	280	0	0
subsample_0180	1	[0,2]	132	24	156	10	10	10	0	10	0	0
subsample_0180	1	(2,6]	67	359	426	10	10	10	0	10	0	0
subsample_0180	1	(6,40]	42	233	275	319	319	290	29	319	0	0
subsample_0181	1	[0,2]	82	20	102	0	0	0	0	0	0	0
subsample_0181	1	(2,6]	64	129	193	5	5	5	0	5	0	0
subsample_0181	1	(6,40]	30	221	251	293	293	250	43	293	0	0
subsample_0182	1	[0,2]	78	30	108	0	0	0	0	0	0	0
subsample_0182	1	(2,6]	102	155	257	4	4	4	0	4	0	0
subsample_0182	1	(6,40]	48	407	455	339	339	306	33	339	0	0
subsample_0183	1	[0,2]	121	30	151	9	9	9	0	9	0	0
subsample_0183	1	(2,6]	79	276	355	13	13	13	0	13	0	0
subsample_0183	1	(6,40]	27	269	296	340	340	296	44	340	0	0
subsample_0184	1	[0,2]	92	12	104	4	4	4	0	4	0	0
subsample_0184	1	(2,6]	84	147	231	6	6	6	0	6	0	0
subsample_0184	1	(6,40]	47	262	309	356	356	335	21	356	0	0
subsample_0185	1	[0,2]	117	15	132	0	0	0	0	0	0	0
subsample_0185	1	(2,6]	59	146	205	6	6	6	0	6	0	0
subsample_0185	1	(6,40]	66	352	418	383	383	366	17	383	0	0
subsample_0186	1	[0,2]	136	14	150	0	0	0	0	0	0	0
subsample_0186	1	(2,6]	81	181	262	0	0	0	0	0	0	0
subsample_0186	1	(6,40]	56	270	326	306	306	289	17	306	0	0
subsample_0187	1	[0,2]	52	18	70	0	0	0	0	0	0	0
subsample_0187	1	(2,6]	34	37	71	2	2	2	0	2	0	0
subsample_0187	1	(6,40]	101	354	455	250	250	223	27	250	0	0
subsample_0188	1	[0,2]	115	21	136	2	2	2	0	2	0	0
subsample_0188	1	(2,6]	100	174	274	5	5	5	0	5	0	0
subsample_0188	1	(6,40]	56	401	457	448	448	421	27	448	0	0
subsample_0189	1	[0,2]	97	18	115	1	1	1	0	1	0	0
subsample_0189	1	(2,6]	81	195	276	8	8	8	0	8	0	0
subsample_0189	1	(6,40]	45	295	340	359	359	331	28	359	0	0
subsample_0190	1	[0,2]	93	11	104	3	3	3	0	3	0	0
subsample_0190	1	(2,6]	54	175	229	6	6	6	0	6	0	0
subsample_0190	1	(6,40]	57	246	303	337	337	320	17	337	0	0
subsample_0191	1	[0,2]	94	25	119	0	0	0	0	0	0	0
subsample_0191	1	(2,6]	40	68	108	10	10	10	0	10	0	0
subsample_0191	1	(6,40]	68	377	445	319	319	269	50	319	0	0
subsample_0192	1	[0,2]	119	8	127	7	7	7	0	7	0	0
subsample_0192	1	(2,6]	75	173	248	3	3	3	0	3	0	0
subsample_0192	1	(6,40]	45	299	344	449	449	437	12	449	0	0
subsample_0193	1	[0,2]	67	8	75	4	4	4	0	4	0	0
subsample_0193	1	(2,6]	61	120	181	9	9	9	0	9	0	0
subsample_0193	1	(6,40]	56	272	328	303	303	285	18	303	0	0
subsample_0194	1	[0,2]	74	35	109	9	9	9	0	9	0	0
subsample_0194	1	(2,6]	69	171	240	3	3	3	0	3	0	0
subsample_0194	1	(6,40]	49	386	435	380	380	378	2	380	0	0
subsample_0195	1	[0,2]	109	9	118	1	1	1	0	1	0	0
subsample_0195	1	(2,6]	31	154	185	3	3	3	0	3	0	0
subsample_0195	1	(6,40]	59	267	326	390	390	342	48	390	0	0
subsample_0196	1	[0,2]	83	14	97	2	2	2	0	2	0	0
subsample_0196	1	(2,6]	58	164	222	6	6	6	0	6	0	0
subsample_0196	1	(6,40]	57	354	411	368	368	329	39	368	0	0
subsample_0197	1	[0,2]	152	25	177	3	3	3	0	3	0	0
subsample_0197	1	(2,6]	74	64	138	9	9	9	0	9	0	0
subsample_0197	1	(6,40]	72	519	591	296	296	280	16	296	0	0
subsample_0198	1	[0,2]	115	29	144	2	2	2	0	2	0	0
subsample_0198	1	(2,6]	60	302	362	4	4	4	0	4	0	0
subsample_0198	1	(6,40]	48	275	323	379	379	362	17	379	0	0
subsample_0199	1	[0,2]	134	22	156	0	0	0	0	0	0	0
subsample_0199	1	(2,6]	15	19	34	6	6	6	0	6	0	0
subsample_0199	1	(6,40]	93	377	470	233	233	211	22	233	0	0
subsample_0200	1	[0,2]	102	31	133	0	0	0	0	0	0	0
subsample_0200	1	(2,6]	72	139	211	6	6	6	0	6	0	0
subsample_0200	1	(6,40]	36	220	256	339	339	322	17	339	0	0
subsample_0201	1	[0,2]	102	13	115	1	1	1	0	1	0	0
subsample_0201	1	(2,6]	42	186	228	5	5	5	0	5	0	0
subsample_0201	1	(6,40]	58	360	418	305	305	291	14	305	0	0
subsample_0202	1	[0,2]	69	17	86	4	4	4	0	4	0	0
subsample_0202	1	(2,6]	48	120	168	9	9	9	0	9	0	0
subsample_0202	1	(6,40]	61	378	439	339	339	295	44	339	0	0
subsample_0203	1	[0,2]	117	17	134	4	4	4	0	4	0	0
subsample_0203	1	(2,6]	81	161	242	11	11	11	0	11	0	0
subsample_0203	1	(6,40]	44	463	507	328	328	307	21	328	0	0
subsample_0204	1	[0,2]	79	13	92	0	0	0	0	0	0	0
subsample_0204	1	(2,6]	11	29	40	7	7	7	0	7	0	0
subsample_0204	1	(6,40]	89	408	497	254	254	240	14	254	0	0
subsample_0205	1	[0,2]	98	16	114	0	0	0	0	0	0	0
subsample_0205	1	(2,6]	58	143	201	22	22	22	0	22	0	0
subsample_0205	1	(6,40]	42	219	261	286	286	269	17	286	0	0
subsample_0206	1	[0,2]	144	34	178	1	1	1	0	1	0	0
subsample_0206	1	(2,6]	115	190	305	2	2	2	0	2	0	0
subsample_0206	1	(6,40]	28	184	212	352	352	322	30	352	0	0
subsample_0207	1	[0,2]	84	26	110	7	7	7	0	7	0	0
subsample_0207	1	(2,6]	49	146	195	14	14	14	0	14	0	0
subsample_0207	1	(6,40]	59	375	434	375	375	361	14	375	0	0
subsample_0208	1	[0,2]	117	12	129	4	4	4	0	4	0	0
subsample_0208	1	(2,6]	25	36	61	5	5	5	0	5	0	0
subsample_0208	1	(6,40]	136	398	534	304	304	282	22	304	0	0
subsample_0209	1	[0,2]	131	7	138	1	1	1	0	1	0	0
subsample_0209	1	(2,6]	77	232	309	0	0	0	0	0	0	0
subsample_0209	1	(6,40]	46	366	412	396	396	393	3	396	0	0
subsample_0210	1	[0,2]	113	26	139	2	2	2	0	2	0	0
subsample_0210	1	(2,6]	67	185	252	7	7	7	0	7	0	0
subsample_0210	1	(6,40]	48	280	328	308	308	282	26	308	0	0
subsample_0211	1	[0,2]	66	13	79	0	0	0	0	0	0	0
subsample_0211	1	(2,6]	25	9	34	7	7	7	0	7	0	0
subsample_0211	1	(6,40]	79	381	460	253	253	242	11	253	0	0
subsample_0212	1	[0,2]	116	5	121	3	3	3	0	3	0	0
subsample_0212	1	(2,6]	68	121	189	7	7	7	0	7	0	0
subsample_0212	1	(6,40]	35	362	397	393	393	364	29	393	0	0
subsample_0213	1	[0,2]	146	1	147	3	3	3	0	3	0	0
subsample_0213	1	(2,6]	74	115	189	1	1	1	0	1	0	0
subsample_0213	1	(6,40]	44	308	352	261	261	218	43	261	0	0
subsample_0214	1	[0,2]	91	15	106	3	3	3	0	3	0	0
subsample_0214	1	(2,6]	41	199	240	4	4	4	0	4	0	0
subsample_0214	1	(6,40]	53	280	333	344	344	339	5	344	0	0
subsample_0215	1	[0,2]	73	9	82	4	4	4	0	4	0	0
subsample_0215	1	(2,6]	49	104	153	16	16	16	0	16	0	0
subsample_0215	1	(6,40]	36	308	344	413	413	363	50	413	0	0
subsample_0216	1	[0,2]	114	11	125	0	0	0	0	0	0	0
subsample_0216	1	(2,6]	55	169	224	2	2	2	0	2	0	0
subsample_0216	1	(6,40]	41	318	359	291	291	275	16	291	0	0
subsample_0217	1	[0,2]	133	12	145	2	2	2	0	2	0	0
subsample_0217	1	(2,6]	75	264	339	4	4	4	0	4	0	0
subsample_0217	1	(6,40]	29	267	296	374	374	324	50	374	0	0
subsample_0218	1	[0,2]	60	15	75	4	4	4	0	4	0	0
subsample_0218	1	(2,6]	69	133	202	3	3	3	0	3	0	0
subsample_0218	1	(6,40]	62	412	474	305	305	301	4	305	0	0
subsample_0219	1	[0,2]	70	6	76	0	0	0	0	0	0	0
subsample_0219	1	(2,6]	41	104	145	3	3	3	0	3	0	0
subsample_0219	1	(6,40]	32	240	272	205	205	173	32	205	0	0
subsample_0220	1	[0,2]	114	32	146	0	0	0	0	0	0	0
subsample_0220	1	(2,6]	62	206	268	11	11	11	0	11	0	0
subsample_0220	1	(6,40]	40	308	348	329	329	300	29	329	0	0
subsample_0221	1	[0,2]	113	13	126	1	1	1	0	1	0	0
subsample_0221	1	(2,6]	76	171	247	2	2	2	0	2	0	0
subsample_0221	1	(6,40]	47	278	325	330	330	304	26	330	0	0
subsample_0222	1	[0,2]	136	49	185	11	11	11	0	11	0	0
subsample_0222	1	(2,6]	73	270	343	18	18	18	0	18	0	0
subsample_0222	1	(6,40]	25	252	277	363	363	324	39	363	0	0
subsample_0223	1	[0,2]	122	12	134	1	1	1	0	1	0	0
subsample_0223	1	(2,6]	82	178	260	4	4	4	0	4	0	0
subsample_0223	1	(6,40]	33	196	229	388	388	349	39	388	0	0
subsample_0224	1	[0,2]	105	18	123	0	0	0	0	0	0	0
subsample_0224	1	(2,6]	77	117	194	4	4	4	0	4	0	0
subsample_0224	1	(6,40]	62	309	371	326	326	306	20	326	0	0
subsample_0225	1	[0,2]	127	11	138	3	3	3	0	3	0	0
subsample_0225	1	(2,6]	34	210	244	5	5	5	0	5	0	0
subsample_0225	1	(6,40]	51	400	451	355	355	342	13	355	0	0
subsample_0226	1	[0,2]	52	11	63	0	0	0	0	0	0	0
subsample_0226	1	(2,6]	43	117	160	3	3	3	0	3	0	0
subsample_0226	1	(6,40]	74	245	319	310	310	292	18	310	0	0
subsample_0227	1	[0,2]	62	13	75	0	0	0	0	0	0	0
subsample_0227	1	(2,6]	58	122	180	4	4	4	0	4	0	0
subsample_0227	1	(6,40]	67	237	304	251	251	237	14	251	0	0
subsample_0228	1	[0,2]	85	3	88	2	2	2	0	2	0	0
subsample_0228	1	(2,6]	51	166	217	9	9	9	0	9	0	0
subsample_0228	1	(6,40]	79	238	317	416	416	402	14	416	0	0
subsample_0229	1	[0,2]	131	15	146	1	1	1	0	1	0	0
subsample_0229	1	(2,6]	62	135	197	8	8	8	0	8	0	0
subsample_0229	1	(6,40]	49	316	365	294	294	294	0	294	0	0
subsample_0230	1	[0,2]	90	24	114	0	0	0	0	0	0	0
subsample_0230	1	(2,6]	65	150	215	6	6	6	0	6	0	0
subsample_0230	1	(6,40]	66	234	300	354	354	338	16	354	0	0
subsample_0231	1	[0,2]	121	8	129	6	6	6	0	6	0	0
subsample_0231	1	(2,6]	30	42	72	7	7	7	0	7	0	0
subsample_0231	1	(6,40]	60	348	408	311	311	271	40	311	0	0
subsample_0232	1	[0,2]	99	26	125	2	2	2	0	2	0	0
subsample_0232	1	(2,6]	62	120	182	8	8	8	0	8	0	0
subsample_0232	1	(6,40]	59	384	443	408	408	378	30	408	0	0
subsample_0233	1	[0,2]	112	13	125	8	8	8	0	8	0	0
subsample_0233	1	(2,6]	84	180	264	4	4	4	0	4	0	0
subsample_0233	1	(6,40]	35	434	469	319	319	279	40	319	0	0
subsample_0234	1	[0,2]	85	21	106	0	0	0	0	0	0	0
subsample_0234	1	(2,6]	54	169	223	0	0	0	0	0	0	0
subsample_0234	1	(6,40]	48	192	240	320	320	320	0	320	0	0
subsample_0235	1	[0,2]	90	8	98	4	4	4	0	4	0	0
subsample_0235	1	(2,6]	63	136	199	8	8	8	0	8	0	0
subsample_0235	1	(6,40]	35	269	304	284	284	266	18	284	0	0
subsample_0236	1	[0,2]	88	29	117	0	0	0	0	0	0	0
subsample_0236	1	(2,6]	26	20	46	9	9	9	0	9	0	0
subsample_0236	1	(6,40]	85	368	453	272	272	244	28	272	0	0
subsample_0237	1	[0,2]	79	19	98	0	0	0	0	0	0	0
subsample_0237	1	(2,6]	41	144	185	4	4	4	0	4	0	0
subsample_0237	1	(6,40]	45	373	418	347	347	316	31	347	0	0
subsample_0238	1	[0,2]	136	13	149	0	0	0	0	0	0	0
subsample_0238	1	(2,6]	33	26	59	0	0	0	0	0	0	0
subsample_0238	1	(6,40]	119	361	480	347	347	311	36	347	0	0
subsample_0239	1	[0,2]	84	25	109	0	0	0	0	0	0	0
subsample_0239	1	(2,6]	34	30	64	1	1	1	0	1	0	0
subsample_0239	1	(6,40]	101	355	456	232	232	201	31	232	0	0
subsample_0240	1	[0,2]	94	19	113	0	0	0	0	0	0	0
subsample_0240	1	(2,6]	22	28	50	3	3	3	0	3	0	0
subsample_0240	1	(6,40]	92	327	419	262	262	254	8	262	0	0
subsample_0241	1	[0,2]	76	5	81	5	5	5	0	5	0	0
subsample_0241	1	(2,6]	54	90	144	18	18	18	0	18	0	0
subsample_0241	1	(6,40]	67	293	360	368	368	348	20	368	0	0
subsample_0242	1	[0,2]	73	13	86	0	0	0	0	0	0	0
subsample_0242	1	(2,6]	19	19	38	15	15	15	0	15	0	0
subsample_0242	1	(6,40]	57	386	443	215	215	181	34	215	0	0
subsample_0243	1	[0,2]	154	17	171	5	5	5	0	5	0	0
subsample_0243	1	(2,6]	71	226	297	6	6	6	0	6	0	0
subsample_0243	1	(6,40]	50	402	452	308	308	287	21	308	0	0
subsample_0244	1	[0,2]	165	17	182	8	8	8	0	8	0	0
subsample_0244	1	(2,6]	63	259	322	5	5	5	0	5	0	0
subsample_0244	1	(6,40]	50	494	544	295	295	294	1	295	0	0
subsample_0245	1	[0,2]	119	17	136	2	2	2	0	2	0	0
subsample_0245	1	(2,6]	74	195	269	4	4	4	0	4	0	0
subsample_0245	1	(6,40]	46	380	426	411	411	378	33	411	0	0
subsample_0246	1	[0,2]	109	18	127	6	6	6	0	6	0	0
subsample_0246	1	(2,6]	53	246	299	3	3	3	0	3	0	0
subsample_0246	1	(6,40]	35	346	381	336	336	311	25	336	0	0
subsample_0247	1	[0,2]	94	15	109	4	4	4	0	4	0	0
subsample_0247	1	(2,6]	62	164	226	4	4	4	0	4	0	0
subsample_0247	1	(6,40]	54	241	295	343	343	337	6	343	0	0
subsample_0248	1	[0,2]	97	10	107	3	3	3	0	3	0	0
subsample_0248	1	(2,6]	79	102	181	3	3	3	0	3	0	0
subsample_0248	1	(6,40]	83	254	337	301	301	277	24	301	0	0
subsample_0249	1	[0,2]	141	9	150	1	1	1	0	1	0	0
subsample_0249	1	(2,6]	72	181	253	6	6	6	0	6	0	0
subsample_0249	1	(6,40]	54	323	377	259	259	244	15	259	0	0
subsample_0250	1	[0,2]	90	32	122	0	0	0	0	0	0	0
subsample_0250	1	(2,6]	7	20	27	8	8	8	0	8	0	0
subsample_0250	1	(6,40]	107	345	452	272	272	247	25	272	0	0
subsample_0251	1	[0,2]	94	24	118	0	0	0	0	0	0	0
subsample_0251	1	(2,6]	16	24	40	8	8	8	0	8	0	0
subsample_0251	1	(6,40]	110	377	487	287	287	274	13	287	0	0
subsample_0252	1	[0,2]	180	7	187	1	1	1	0	1	0	0
subsample_0252	1	(2,6]	65	178	243	1	1	1	0	1	0	0
subsample_0252	1	(6,40]	35	262	297	337	337	310	27	337	0	0
subsample_0253	1	[0,2]	123	9	132	3	3	3	0	3	0	0
subsample_0253	1	(2,6]	71	126	197	3	3	3	0	3	0	0
subsample_0253	1	(6,40]	57	361	418	285	285	278	7	285	0	0
subsample_0254	1	[0,2]	125	27	152	0	0	0	0	0	0	0
subsample_0254	1	(2,6]	88	120	208	7	7	7	0	7	0	0
subsample_0254	1	(6,40]	32	250	282	422	422	390	32	422	0	0
subsample_0255	1	[0,2]	68	25	93	2	2	2	0	2	0	0
subsample_0255	1	(2,6]	45	158	203	14	14	14	0	14	0	0
subsample_0255	1	(6,40]	36	363	399	412	412	401	11	412	0	0
subsample_0256	1	[0,2]	85	2	87	0	0	0	0	0	0	0
subsample_0256	1	(2,6]	10	20	30	9	9	9	0	9	0	0
subsample_0256	1	(6,40]	77	293	370	221	221	211	10	221	0	0
subsample_0257	1	[0,2]	125	23	148	4	4	4	0	4	0	0
subsample_0257	1	(2,6]	102	143	245	16	16	16	0	16	0	0
subsample_0257	1	(6,40]	55	359	414	347	347	320	27	347	0	0
subsample_0258	1	[0,2]	123	7	130	3	3	3	0	3	0	0
subsample_0258	1	(2,6]	37	187	224	3	3	3	0	3	0	0
subsample_0258	1	(6,40]	48	359	407	381	381	359	22	381	0	0
subsample_0259	1	[0,2]	93	10	103	2	2	2	0	2	0	0
subsample_0259	1	(2,6]	96	117	213	5	5	5	0	5	0	0
subsample_0259	1	(6,40]	65	295	360	286	286	258	28	286	0	0
subsample_0260	1	[0,2]	100	20	120	2	2	2	0	2	0	0
subsample_0260	1	(2,6]	83	167	250	9	9	9	0	9	0	0
subsample_0260	1	(6,40]	42	207	249	352	352	325	27	352	0	0
subsample_0261	1	[0,2]	138	15	153	2	2	2	0	2	0	0
subsample_0261	1	(2,6]	78	113	191	5	5	5	0	5	0	0
subsample_0261	1	(6,40]	55	246	301	364	364	340	24	364	0	0
subsample_0262	1	[0,2]	110	20	130	3	3	3	0	3	0	0
subsample_0262	1	(2,6]	41	154	195	21	21	21	0	21	0	0
subsample_0262	1	(6,40]	49	188	237	336	336	311	25	336	0	0
subsample_0263	1	[0,2]	134	7	141	4	4	4	0	4	0	0
subsample_0263	1	(2,6]	72	168	240	12	12	12	0	12	0	0
subsample_0263	1	(6,40]	25	412	437	350	350	339	11	350	0	0
subsample_0264	1	[0,2]	128	1	129	3	3	3	0	3	0	0
subsample_0264	1	(2,6]	73	177	250	4	4	4	0	4	0	0
subsample_0264	1	(6,40]	52	463	515	305	305	303	2	305	0	0
subsample_0265	1	[0,2]	55	11	66	1	1	1	0	1	0	0
subsample_0265	1	(2,6]	46	99	145	14	14	14	0	14	0	0
subsample_0265	1	(6,40]	63	384	447	353	353	317	36	353	0	0
subsample_0266	1	[0,2]	134	15	149	12	12	12	0	12	0	0
subsample_0266	1	(2,6]	81	143	224	16	16	16	0	16	0	0
subsample_0266	1	(6,40]	33	382	415	284	284	268	16	284	0	0
subsample_0267	1	[0,2]	64	20	84	4	4	4	0	4	0	0
subsample_0267	1	(2,6]	69	150	219	2	2	2	0	2	0	0
subsample_0267	1	(6,40]	30	351	381	336	336	290	46	336	0	0
subsample_0268	1	[0,2]	90	22	112	2	2	2	0	2	0	0
subsample_0268	1	(2,6]	56	166	222	4	4	4	0	4	0	0
subsample_0268	1	(6,40]	39	260	299	218	218	187	31	218	0	0
subsample_0269	1	[0,2]	72	7	79	3	3	3	0	3	0	0
subsample_0269	1	(2,6]	47	105	152	12	12	12	0	12	0	0
subsample_0269	1	(6,40]	42	253	295	295	295	253	42	295	0	0
subsample_0270	1	[0,2]	71	30	101	1	1	1	0	1	0	0
subsample_0270	1	(2,6]	71	160	231	8	8	8	0	8	0	0
subsample_0270	1	(6,40]	45	293	338	395	395	383	12	395	0	0
subsample_0271	1	[0,2]	107	17	124	0	0	0	0	0	0	0
subsample_0271	1	(2,6]	15	33	48	5	5	5	0	5	0	0
subsample_0271	1	(6,40]	78	284	362	281	281	253	28	281	0	0
subsample_0272	1	[0,2]	92	15	107	3	3	3	0	3	0	0
subsample_0272	1	(2,6]	50	161	211	13	13	13	0	13	0	0
subsample_0272	1	(6,40]	68	217	285	306	306	280	26	306	0	0
subsample_0273	1	[0,2]	100	8	108	1	1	1	0	1	0	0
subsample_0273	1	(2,6]	50	168	218	3	3	3	0	3	0	0
subsample_0273	1	(6,40]	46	360	406	335	335	312	23	335	0	0
subsample_0274	1	[0,2]	89	24	113	2	2	2	0	2	0	0
subsample_0274	1	(2,6]	66	141	207	7	7	7	0	7	0	0
subsample_0274	1	(6,40]	38	427	465	439	439	414	25	439	0	0
subsample_0275	1	[0,2]	96	12	108	3	3	3	0	3	0	0
subsample_0275	1	(2,6]	83	125	208	7	7	7	0	7	0	0
subsample_0275	1	(6,40]	34	176	210	335	335	319	16	335	0	0
subsample_0276	1	[0,2]	91	35	126	4	4	4	0	4	0	0
subsample_0276	1	(2,6]	38	121	159	10	10	10	0	10	0	0
subsample_0276	1	(6,40]	46	321	367	395	395	368	27	395	0	0
subsample_0277	1	[0,2]	92	22	114	0	0	0	0	0	0	0
subsample_0277	1	(2,6]	52	97	149	7	7	7	0	7	0	0
subsample_0277	1	(6,40]	50	333	383	382	382	356	26	382	0	0
subsample_0278	1	[0,2]	89	21	110	0	0	0	0	0	0	0
subsample_0278	1	(2,6]	43	121	164	5	5	5	0	5	0	0
subsample_0278	1	(6,40]	77	277	354	379	379	347	32	379	0	0
subsample_0279	1	[0,2]	105	17	122	0	0	0	0	0	0	0
subsample_0279	1	(2,6]	37	16	53	4	4	4	0	4	0	0
subsample_0279	1	(6,40]	87	468	555	261	261	240	21	261	0	0
subsample_0280	1	[0,2]	135	3	138	1	1	1	0	1	0	0
subsample_0280	1	(2,6]	54	98	152	4	4	4	0	4	0	0
subsample_0280	1	(6,40]	49	302	351	178	178	166	12	178	0	0
subsample_0281	1	[0,2]	67	16	83	0	0	0	0	0	0	0
subsample_0281	1	(2,6]	21	48	69	4	4	4	0	4	0	0
subsample_0281	1	(6,40]	111	376	487	320	320	311	9	320	0	0
subsample_0282	1	[0,2]	133	44	177	6	6	6	0	6	0	0
subsample_0282	1	(2,6]	80	289	369	10	10	10	0	10	0	0
subsample_0282	1	(6,40]	30	211	241	418	418	399	19	418	0	0
subsample_0283	1	[0,2]	118	17	135	3	3	3	0	3	0	0
subsample_0283	1	(2,6]	71	154	225	5	5	5	0	5	0	0
subsample_0283	1	(6,40]	40	273	313	357	357	346	11	357	0	0
subsample_0284	1	[0,2]	82	17	99	4	4	4	0	4	0	0
subsample_0284	1	(2,6]	49	90	139	3	3	3	0	3	0	0
subsample_0284	1	(6,40]	65	261	326	270	270	256	14	270	0	0
subsample_0285	1	[0,2]	112	8	120	0	0	0	0	0	0	0
subsample_0285	1	(2,6]	61	125	186	7	7	7	0	7	0	0
subsample_0285	1	(6,40]	27	225	252	258	258	226	32	258	0	0
subsample_0286	1	[0,2]	66	13	79	1	1	1	0	1	0	0
subsample_0286	1	(2,6]	45	117	162	1	1	1	0	1	0	0
subsample_0286	1	(6,40]	70	360	430	365	365	345	20	365	0	0
subsample_0287	1	[0,2]	113	22	135	7	7	7	0	7	0	0
subsample_0287	1	(2,6]	81	180	261	5	5	5	0	5	0	0
subsample_0287	1	(6,40]	59	296	355	313	313	302	11	313	0	0
subsample_0288	1	[0,2]	118	8	126	7	7	7	0	7	0	0
subsample_0288	1	(2,6]	24	46	70	17	17	17	0	17	0	0
subsample_0288	1	(6,40]	96	405	501	289	289	275	14	289	0	0
subsample_0289	1	[0,2]	89	28	117	1	1	1	0	1	0	0
subsample_0289	1	(2,6]	59	142	201	8	8	8	0	8	0	0
subsample_0289	1	(6,40]	48	331	379	334	334	302	32	334	0	0
subsample_0290	1	[0,2]	98	25	123	0	0	0	0	0	0	0
subsample_0290	1	(2,6]	40	121	161	2	2	2	0	2	0	0
subsample_0290	1	(6,40]	35	248	283	225	225	199	26	225	0	0
subsample_0291	1	[0,2]	128	40	168	3	3	3	0	3	0	0
subsample_0291	1	(2,6]	54	155	209	7	7	7	0	7	0	0
subsample_0291	1	(6,40]	36	402	438	359	359	328	31	359	0	0
subsample_0292	1	[0,2]	127	14	141	0	0	0	0	0	0	0
subsample_0292	1	(2,6]	85	179	264	0	0	0	0	0	0	0
subsample_0292	1	(6,40]	34	264	298	289	289	273	16	289	0	0
subsample_0293	1	[0,2]	137	24	161	7	7	7	0	7	0	0
subsample_0293	1	(2,6]	101	169	270	4	4	4	0	4	0	0
subsample_0293	1	(6,40]	57	404	461	352	352	342	10	352	0	0
subsample_0294	1	[0,2]	166	3	169	3	3	3	0	3	0	0
subsample_0294	1	(2,6]	66	159	225	6	6	6	0	6	0	0
subsample_0294	1	(6,40]	39	274	313	406	406	385	21	406	0	0
subsample_0295	1	[0,2]	101	11	112	2	2	2	0	2	0	0
subsample_0295	1	(2,6]	69	133	202	5	5	5	0	5	0	0
subsample_0295	1	(6,40]	36	372	408	294	294	277	17	294	0	0
subsample_0296	1	[0,2]	97	24	121	0	0	0	0	0	0	0
subsample_0296	1	(2,6]	83	157	240	4	4	4	0	4	0	0
subsample_0296	1	(6,40]	25	242	267	335	335	309	26	335	0	0
subsample_0297	1	[0,2]	113	1	114	4	4	4	0	4	0	0
subsample_0297	1	(2,6]	59	115	174	7	7	7	0	7	0	0
subsample_0297	1	(6,40]	34	230	264	320	320	271	49	320	0	0
subsample_0298	1	[0,2]	83	26	109	4	4	4	0	4	0	0
subsample_0298	1	(2,6]	77	158	235	9	9	9	0	9	0	0
subsample_0298	1	(6,40]	51	332	383	327	327	288	39	327	0	0
subsample_0299	1	[0,2]	95	20	115	10	10	10	0	10	0	0
subsample_0299	1	(2,6]	43	121	164	4	4	4	0	4	0	0
subsample_0299	1	(6,40]	75	373	448	384	384	365	19	384	0	0
subsample_0300	1	[0,2]	94	21	115	6	6	6	0	6	0	0
subsample_0300	1	(2,6]	83	161	244	10	10	10	0	10	0	0
subsample_0300	1	(6,40]	24	434	458	289	289	258	31	289	0	0
subsample_0301	1	[0,2]	146	12	158	4	4	4	0	4	0	0
subsample_0301	1	(2,6]	73	146	219	4	4	4	0	4	0	0
subsample_0301	1	(6,40]	48	336	384	335	335	321	14	335	0	0
subsample_0302	1	[0,2]	80	17	97	0	0	0	0	0	0	0
subsample_0302	1	(2,6]	43	40	83	6	6	6	0	6	0	0
subsample_0302	1	(6,40]	67	290	357	207	207	187	20	207	0	0
subsample_0303	1	[0,2]	101	6	107	0	0	0	0	0	0	0
subsample_0303	1	(2,6]	8	30	38	14	14	14	0	14	0	0
subsample_0303	1	(6,40]	91	337	428	324	324	295	29	324	0	0
subsample_0304	1	[0,2]	152	19	171	2	2	2	0	2	0	0
subsample_0304	1	(2,6]	52	121	173	4	4	4	0	4	0	0
subsample_0304	1	(6,40]	42	319	361	299	299	259	40	299	0	0
subsample_0305	1	[0,2]	108	3	111	0	0	0	0	0	0	0
subsample_0305	1	(2,6]	65	146	211	2	2	2	0	2	0	0
subsample_0305	1	(6,40]	66	253	319	285	285	266	19	285	0	0
subsample_0306	1	[0,2]	109	15	124	1	1	1	0	1	0	0
subsample_0306	1	(2,6]	40	191	231	5	5	5	0	5	0	0
subsample_0306	1	(6,40]	47	177	224	267	267	237	30	267	0	0
subsample_0307	1	[0,2]	108	17	125	6	6	6	0	6	0	0
subsample_0307	1	(2,6]	71	213	284	7	7	7	0	7	0	0
subsample_0307	1	(6,40]	38	255	293	380	380	358	22	380	0	0
subsample_0308	1	[0,2]	91	1	92	1	1	1	0	1	0	0
subsample_0308	1	(2,6]	66	71	137	4	4	4	0	4	0	0
subsample_0308	1	(6,40]	60	254	314	266	266	244	22	266	0	0
subsample_0309	1	[0,2]	100	28	128	2	2	2	0	2	0	0
subsample_0309	1	(2,6]	62	159	221	4	4	4	0	4	0	0
subsample_0309	1	(6,40]	46	264	310	372	372	363	9	372	0	0
subsample_0310	1	[0,2]	144	20	164	0	0	0	0	0	0	0
subsample_0310	1	(2,6]	86	380	466	8	8	8	0	8	0	0
subsample_0310	1	(6,40]	27	336	363	397	397	376	21	397	0	0
subsample_0311	1	[0,2]	108	6	114	1	1	1	0	1	0	0
subsample_0311	1	(2,6]	86	168	254	6	6	6	0	6	0	0
subsample_0311	1	(6,40]	41	286	327	357	357	345	12	357	0	0
subsample_0312	1	[0,2]	118	14	132	2	2	2	0	2	0	0
subsample_0312	1	(2,6]	72	157	229	2	2	2	0	2	0	0
subsample_0312	1	(6,40]	56	161	217	367	367	323	44	367	0	0
subsample_0313	1	[0,2]	45	12	57	3	3	3	0	3	0	0
subsample_0313	1	(2,6]	34	30	64	7	7	7	0	7	0	0
subsample_0313	1	(6,40]	79	303	382	274	274	248	26	274	0	0
subsample_0314	1	[0,2]	138	18	156	2	2	2	0	2	0	0
subsample_0314	1	(2,6]	58	183	241	4	4	4	0	4	0	0
subsample_0314	1	(6,40]	31	396	427	359	359	322	37	359	0	0
subsample_0315	1	[0,2]	59	17	76	0	0	0	0	0	0	0
subsample_0315	1	(2,6]	31	36	67	2	2	2	0	2	0	0
subsample_0315	1	(6,40]	78	346	424	229	229	216	13	229	0	0
subsample_0316	1	[0,2]	122	14	136	1	1	1	0	1	0	0
subsample_0316	1	(2,6]	98	173	271	1	1	1	0	1	0	0
subsample_0316	1	(6,40]	49	218	267	352	352	339	13	352	0	0
subsample_0317	1	[0,2]	136	4	140	2	2	2	0	2	0	0
subsample_0317	1	(2,6]	9	22	31	0	0	0	0	0	0	0
subsample_0317	1	(6,40]	52	289	341	203	203	177	26	203	0	0
subsample_0318	1	[0,2]	134	7	141	0	0	0	0	0	0	0
subsample_0318	1	(2,6]	28	35	63	6	6	6	0	6	0	0
subsample_0318	1	(6,40]	68	295	363	234	234	208	26	234	0	0
subsample_0319	1	[0,2]	102	31	133	5	5	5	0	5	0	0
subsample_0319	1	(2,6]	56	219	275	5	5	5	0	5	0	0
subsample_0319	1	(6,40]	43	274	317	305	305	276	29	305	0	0
subsample_0320	1	[0,2]	94	14	108	2	2	2	0	2	0	0
subsample_0320	1	(2,6]	52	97	149	9	9	9	0	9	0	0
subsample_0320	1	(6,40]	59	362	421	334	334	295	39	334	0	0
subsample_0321	1	[0,2]	75	0	75	9	9	9	0	9	0	0
subsample_0321	1	(2,6]	25	56	81	16	16	16	0	16	0	0
subsample_0321	1	(6,40]	66	294	360	341	341	318	23	341	0	0
subsample_0322	1	[0,2]	123	4	127	4	4	4	0	4	0	0
subsample_0322	1	(2,6]	76	188	264	10	10	10	0	10	0	0
subsample_0322	1	(6,40]	45	263	308	319	319	306	13	319	0	0
subsample_0323	1	[0,2]	131	11	142	7	7	7	0	7	0	0
subsample_0323	1	(2,6]	61	160	221	13	13	13	0	13	0	0
subsample_0323	1	(6,40]	54	256	310	290	290	255	35	290	0	0
subsample_0324	1	[0,2]	104	15	119	5	5	5	0	5	0	0
subsample_0324	1	(2,6]	55	104	159	7	7	7	0	7	0	0
subsample_0324	1	(6,40]	54	394	448	416	416	416	0	416	0	0
subsample_0325	1	[0,2]	86	13	99	1	1	1	0	1	0	0
subsample_0325	1	(2,6]	59	151	210	4	4	4	0	4	0	0
subsample_0325	1	(6,40]	63	211	274	302	302	284	18	302	0	0
subsample_0326	1	[0,2]	88	16	104	4	4	4	0	4	0	0
subsample_0326	1	(2,6]	60	164	224	3	3	3	0	3	0	0
subsample_0326	1	(6,40]	71	334	405	258	258	223	35	258	0	0
subsample_0327	1	[0,2]	112	19	131	0	0	0	0	0	0	0
subsample_0327	1	(2,6]	61	170	231	1	1	1	0	1	0	0
subsample_0327	1	(6,40]	38	233	271	203	203	179	24	203	0	0
subsample_0328	1	[0,2]	130	19	149	3	3	3	0	3	0	0
subsample_0328	1	(2,6]	89	186	275	9	9	9	0	9	0	0
subsample_0328	1	(6,40]	43	389	432	368	368	339	29	368	0	0
subsample_0329	1	[0,2]	109	19	128	0	0	0	0	0	0	0
subsample_0329	1	(2,6]	73	166	239	7	7	7	0	7	0	0
subsample_0329	1	(6,40]	34	386	420	311	311	292	19	311	0	0
subsample_0330	1	[0,2]	47	21	68	0	0	0	0	0	0	0
subsample_0330	1	(2,6]	30	23	53	8	8	8	0	8	0	0
subsample_0330	1	(6,40]	78	368	446	238	238	218	20	238	0	0
subsample_0331	1	[0,2]	68	16	84	0	0	0	0	0	0	0
subsample_0331	1	(2,6]	41	47	88	16	16	16	0	16	0	0
subsample_0331	1	(6,40]	43	335	378	296	296	266	30	296	0	0
subsample_0332	1	[0,2]	100	18	118	2	2	2	0	2	0	0
subsample_0332	1	(2,6]	37	59	96	0	0	0	0	0	0	0
subsample_0332	1	(6,40]	116	379	495	200	200	188	12	200	0	0
subsample_0333	1	[0,2]	75	26	101	0	0	0	0	0	0	0
subsample_0333	1	(2,6]	70	136	206	2	2	2	0	2	0	0
subsample_0333	1	(6,40]	54	363	417	325	325	288	37	325	0	0
subsample_0334	1	[0,2]	90	22	112	8	8	8	0	8	0	0
subsample_0334	1	(2,6]	24	66	90	9	9	9	0	9	0	0
subsample_0334	1	(6,40]	99	396	495	283	283	282	1	283	0	0
subsample_0335	1	[0,2]	90	27	117	1	1	1	0	1	0	0
subsample_0335	1	(2,6]	34	44	78	0	0	0	0	0	0	0
subsample_0335	1	(6,40]	100	382	482	260	260	258	2	260	0	0
subsample_0336	1	[0,2]	101	20	121	1	1	1	0	1	0	0
subsample_0336	1	(2,6]	20	52	72	1	1	1	0	1	0	0
subsample_0336	1	(6,40]	89	302	391	306	306	272	34	306	0	0
subsample_0337	1	[0,2]	80	9	89	2	2	2	0	2	0	0
subsample_0337	1	(2,6]	32	45	77	5	5	5	0	5	0	0
subsample_0337	1	(6,40]	110	271	381	274	274	237	37	274	0	0
subsample_0338	1	[0,2]	105	13	118	4	4	4	0	4	0	0
subsample_0338	1	(2,6]	83	121	204	8	8	8	0	8	0	0
subsample_0338	1	(6,40]	56	352	408	363	363	345	18	363	0	0
subsample_0339	1	[0,2]	127	12	139	4	4	4	0	4	0	0
subsample_0339	1	(2,6]	76	128	204	15	15	15	0	15	0	0
subsample_0339	1	(6,40]	27	308	335	263	263	230	33	263	0	0
subsample_0340	1	[0,2]	120	14	134	3	3	3	0	3	0	0
subsample_0340	1	(2,6]	83	150	233	3	3	3	0	3	0	0
subsample_0340	1	(6,40]	54	272	326	325	325	293	32	325	0	0
subsample_0341	1	[0,2]	90	31	121	6	6	6	0	6	0	0
subsample_0341	1	(2,6]	64	146	210	15	15	15	0	15	0	0
subsample_0341	1	(6,40]	60	377	437	337	337	316	21	337	0	0
subsample_0342	1	[0,2]	76	9	85	3	3	3	0	3	0	0
subsample_0342	1	(2,6]	58	122	180	8	8	8	0	8	0	0
subsample_0342	1	(6,40]	52	248	300	317	317	288	29	317	0	0
subsample_0343	1	[0,2]	136	11	147	7	7	7	0	7	0	0
subsample_0343	1	(2,6]	65	170	235	7	7	7	0	7	0	0
subsample_0343	1	(6,40]	35	358	393	316	316	298	18	316	0	0
subsample_0344	1	[0,2]	81	12	93	8	8	8	0	8	0	0
subsample_0344	1	(2,6]	30	148	178	11	11	11	0	11	0	0
subsample_0344	1	(6,40]	46	270	316	330	330	317	13	330	0	0
subsample_0345	1	[0,2]	105	22	127	0	0	0	0	0	0	0
subsample_0345	1	(2,6]	111	135	246	1	1	1	0	1	0	0
subsample_0345	1	(6,40]	27	365	392	302	302	299	3	302	0	0
subsample_0346	1	[0,2]	145	25	170	3	3	3	0	3	0	0
subsample_0346	1	(2,6]	65	335	400	1	1	1	0	1	0	0
subsample_0346	1	(6,40]	43	389	432	375	375	344	31	375	0	0
subsample_0347	1	[0,2]	124	10	134	0	0	0	0	0	0	0
subsample_0347	1	(2,6]	65	132	197	0	0	0	0	0	0	0
subsample_0347	1	(6,40]	57	294	351	281	281	262	19	281	0	0
subsample_0348	1	[0,2]	81	3	84	0	0	0	0	0	0	0
subsample_0348	1	(2,6]	23	26	49	6	6	6	0	6	0	0
subsample_0348	1	(6,40]	76	389	465	294	294	256	38	294	0	0
subsample_0349	1	[0,2]	137	11	148	3	3	3	0	3	0	0
subsample_0349	1	(2,6]	99	225	324	1	1	1	0	1	0	0
subsample_0349	1	(6,40]	42	340	382	276	276	257	19	276	0	0
subsample_0350	1	[0,2]	59	10	69	3	3	3	0	3	0	0
subsample_0350	1	(2,6]	32	29	61	9	9	9	0	9	0	0
subsample_0350	1	(6,40]	91	375	466	366	366	341	25	366	0	0
subsample_0351	1	[0,2]	96	8	104	4	4	4	0	4	0	0
subsample_0351	1	(2,6]	63	117	180	10	10	10	0	10	0	0
subsample_0351	1	(6,40]	52	326	378	404	404	359	45	404	0	0
subsample_0352	1	[0,2]	62	12	74	2	2	2	0	2	0	0
subsample_0352	1	(2,6]	49	133	182	9	9	9	0	9	0	0
subsample_0352	1	(6,40]	25	299	324	385	385	333	52	385	0	0
subsample_0353	1	[0,2]	108	21	129	4	4	4	0	4	0	0
subsample_0353	1	(2,6]	76	174	250	6	6	6	0	6	0	0
subsample_0353	1	(6,40]	38	306	344	338	338	325	13	338	0	0
subsample_0354	1	[0,2]	95	13	108	3	3	3	0	3	0	0
subsample_0354	1	(2,6]	45	205	250	4	4	4	0	4	0	0
subsample_0354	1	(6,40]	33	267	300	387	387	339	48	387	0	0
subsample_0355	1	[0,2]	131	6	137	0	0	0	0	0	0	0
subsample_0355	1	(2,6]	89	91	180	6	6	6	0	6	0	0
subsample_0355	1	(6,40]	54	192	246	326	326	285	41	326	0	0
subsample_0356	1	[0,2]	121	10	131	2	2	2	0	2	0	0
subsample_0356	1	(2,6]	77	193	270	2	2	2	0	2	0	0
subsample_0356	1	(6,40]	20	354	374	390	390	352	38	390	0	0
subsample_0357	1	[0,2]	123	23	146	3	3	3	0	3	0	0
subsample_0357	1	(2,6]	85	300	385	8	8	8	0	8	0	0
subsample_0357	1	(6,40]	24	174	198	370	370	347	23	370	0	0
subsample_0358	1	[0,2]	69	16	85	2	2	2	0	2	0	0
subsample_0358	1	(2,6]	30	55	85	5	5	5	0	5	0	0
subsample_0358	1	(6,40]	129	326	455	348	348	329	19	348	0	0
subsample_0359	1	[0,2]	86	19	105	2	2	2	0	2	0	0
subsample_0359	1	(2,6]	59	166	225	1	1	1	0	1	0	0
subsample_0359	1	(6,40]	34	156	190	286	286	271	15	286	0	0
subsample_0360	1	[0,2]	122	3	125	4	4	4	0	4	0	0
subsample_0360	1	(2,6]	45	143	188	2	2	2	0	2	0	0
subsample_0360	1	(6,40]	40	212	252	316	316	275	41	316	0	0
subsample_0361	1	[0,2]	151	29	180	0	0	0	0	0	0	0
subsample_0361	1	(2,6]	55	248	303	0	0	0	0	0	0	0
subsample_0361	1	(6,40]	29	250	279	211	211	179	32	211	0	0
subsample_0362	1	[0,2]	117	4	121	2	2	2	0	2	0	0
subsample_0362	1	(2,6]	40	24	64	4	4	4	0	4	0	0
subsample_0362	1	(6,40]	113	338	451	382	382	338	44	382	0	0
subsample_0363	1	[0,2]	92	8	100	3	3	3	0	3	0	0
subsample_0363	1	(2,6]	34	131	165	10	10	10	0	10	0	0
subsample_0363	1	(6,40]	51	303	354	330	330	328	2	330	0	0
subsample_0364	1	[0,2]	83	19	102	0	0	0	0	0	0	0
subsample_0364	1	(2,6]	70	130	200	0	0	0	0	0	0	0
subsample_0364	1	(6,40]	57	211	268	329	329	300	29	329	0	0
subsample_0365	1	[0,2]	109	19	128	1	1	1	0	1	0	0
subsample_0365	1	(2,6]	85	183	268	13	13	13	0	13	0	0
subsample_0365	1	(6,40]	26	283	309	424	424	402	22	424	0	0
subsample_0366	1	[0,2]	95	19	114	0	0	0	0	0	0	0
subsample_0366	1	(2,6]	64	174	238	7	7	7	0	7	0	0
subsample_0366	1	(6,40]	56	272	328	293	293	254	39	293	0	0
subsample_0367	1	[0,2]	127	17	144	1	1	1	0	1	0	0
subsample_0367	1	(2,6]	55	85	140	6	6	6	0	6	0	0
subsample_0367	1	(6,40]	36	293	329	297	297	297	0	297	0	0
subsample_0368	1	[0,2]	130	5	135	0	0	0	0	0	0	0
subsample_0368	1	(2,6]	23	54	77	8	8	8	0	8	0	0
subsample_0368	1	(6,40]	110	347	457	297	297	296	1	297	0	0
subsample_0369	1	[0,2]	94	22	116	2	2	2	0	2	0	0
subsample_0369	1	(2,6]	87	220	307	3	3	3	0	3	0	0
subsample_0369	1	(6,40]	71	248	319	439	439	416	23	439	0	0
subsample_0370	1	[0,2]	98	27	125	3	3	3	0	3	0	0
subsample_0370	1	(2,6]	55	200	255	6	6	6	0	6	0	0
subsample_0370	1	(6,40]	48	342	390	357	357	327	30	357	0	0
subsample_0371	1	[0,2]	96	27	123	1	1	1	0	1	0	0
subsample_0371	1	(2,6]	77	133	210	3	3	3	0	3	0	0
subsample_0371	1	(6,40]	88	256	344	380	380	362	18	380	0	0
subsample_0372	1	[0,2]	109	31	140	2	2	2	0	2	0	0
subsample_0372	1	(2,6]	96	208	304	8	8	8	0	8	0	0
subsample_0372	1	(6,40]	50	357	407	316	316	281	35	316	0	0
subsample_0373	1	[0,2]	111	11	122	0	0	0	0	0	0	0
subsample_0373	1	(2,6]	90	153	243	6	6	6	0	6	0	0
subsample_0373	1	(6,40]	52	358	410	334	334	312	22	334	0	0
subsample_0374	1	[0,2]	93	2	95	2	2	2	0	2	0	0
subsample_0374	1	(2,6]	42	114	156	8	8	8	0	8	0	0
subsample_0374	1	(6,40]	66	248	314	353	353	335	18	353	0	0
subsample_0375	1	[0,2]	57	18	75	0	0	0	0	0	0	0
subsample_0375	1	(2,6]	29	20	49	0	0	0	0	0	0	0
subsample_0375	1	(6,40]	56	344	400	294	294	269	25	294	0	0
subsample_0376	1	[0,2]	105	15	120	9	9	9	0	9	0	0
subsample_0376	1	(2,6]	55	137	192	14	14	14	0	14	0	0
subsample_0376	1	(6,40]	49	255	304	351	351	333	18	351	0	0
subsample_0377	1	[0,2]	89	6	95	0	0	0	0	0	0	0
subsample_0377	1	(2,6]	29	92	121	1	1	1	0	1	0	0
subsample_0377	1	(6,40]	49	260	309	242	242	201	41	242	0	0
subsample_0378	1	[0,2]	67	26	93	0	0	0	0	0	0	0
subsample_0378	1	(2,6]	50	144	194	2	2	2	0	2	0	0
subsample_0378	1	(6,40]	63	288	351	295	295	266	29	295	0	0
subsample_0379	1	[0,2]	120	2	122	1	1	1	0	1	0	0
subsample_0379	1	(2,6]	65	154	219	10	10	10	0	10	0	0
subsample_0379	1	(6,40]	42	380	422	387	387	372	15	387	0	0
subsample_0380	1	[0,2]	109	18	127	0	0	0	0	0	0	0
subsample_0380	1	(2,6]	53	194	247	9	9	9	0	9	0	0
subsample_0380	1	(6,40]	34	241	275	303	303	303	0	303	0	0
subsample_0381	1	[0,2]	112	6	118	0	0	0	0	0	0	0
subsample_0381	1	(2,6]	18	15	33	3	3	3	0	3	0	0
subsample_0381	1	(6,40]	57	254	311	322	322	283	39	322	0	0
subsample_0382	1	[0,2]	61	11	72	2	2	2	0	2	0	0
subsample_0382	1	(2,6]	11	30	41	10	10	10	0	10	0	0
subsample_0382	1	(6,40]	65	316	381	315	315	308	7	315	0	0
subsample_0383	1	[0,2]	97	33	130	0	0	0	0	0	0	0
subsample_0383	1	(2,6]	103	238	341	4	4	4	0	4	0	0
subsample_0383	1	(6,40]	26	173	199	249	249	239	10	249	0	0
subsample_0384	1	[0,2]	131	15	146	1	1	1	0	1	0	0
subsample_0384	1	(2,6]	69	119	188	5	5	5	0	5	0	0
subsample_0384	1	(6,40]	24	371	395	422	422	394	28	422	0	0
subsample_0385	1	[0,2]	85	14	99	0	0	0	0	0	0	0
subsample_0385	1	(2,6]	104	33	137	2	2	2	0	2	0	0
subsample_0385	1	(6,40]	64	367	431	332	332	300	32	332	0	0
subsample_0386	1	[0,2]	84	28	112	2	2	2	0	2	0	0
subsample_0386	1	(2,6]	70	193	263	3	3	3	0	3	0	0
subsample_0386	1	(6,40]	47	287	334	372	372	346	26	372	0	0
subsample_0387	1	[0,2]	105	18	123	1	1	1	0	1	0	0
subsample_0387	1	(2,6]	40	147	187	4	4	4	0	4	0	0
subsample_0387	1	(6,40]	48	240	288	359	359	329	30	359	0	0
subsample_0388	1	[0,2]	113	7	120	0	0	0	0	0	0	0
subsample_0388	1	(2,6]	64	36	100	9	9	9	0	9	0	0
subsample_0388	1	(6,40]	47	398	445	269	269	233	36	269	0	0
subsample_0389	1	[0,2]	158	8	166	1	1	1	0	1	0	0
subsample_0389	1	(2,6]	33	165	198	5	5	5	0	5	0	0
subsample_0389	1	(6,40]	48	295	343	377	377	372	5	377	0	0
subsample_0390	1	[0,2]	113	11	124	6	6	6	0	6	0	0
subsample_0390	1	(2,6]	67	135	202	1	1	1	0	1	0	0
subsample_0390	1	(6,40]	49	278	327	288	288	270	18	288	0	0
subsample_0391	1	[0,2]	91	16	107	0	0	0	0	0	0	0
subsample_0391	1	(2,6]	92	120	212	9	9	9	0	9	0	0
subsample_0391	1	(6,40]	61	297	358	310	310	308	2	310	0	0
subsample_0392	1	[0,2]	110	24	134	0	0	0	0	0	0	0
subsample_0392	1	(2,6]	51	184	235	12	12	12	0	12	0	0
subsample_0392	1	(6,40]	43	279	322	407	407	391	16	407	0	0
subsample_0393	1	[0,2]	98	17	115	5	5	5	0	5	0	0
subsample_0393	1	(2,6]	36	151	187	10	10	10	0	10	0	0
subsample_0393	1	(6,40]	40	294	334	358	358	326	32	358	0	0
subsample_0394	1	[0,2]	127	10	137	5	5	5	0	5	0	0
subsample_0394	1	(2,6]	62	140	202	13	13	13	0	13	0	0
subsample_0394	1	(6,40]	46	297	343	377	377	341	36	377	0	0
subsample_0395	1	[0,2]	131	25	156	4	4	4	0	4	0	0
subsample_0395	1	(2,6]	83	171	254	8	8	8	0	8	0	0
subsample_0395	1	(6,40]	42	322	364	302	302	264	38	302	0	0
subsample_0396	1	[0,2]	92	12	104	5	5	5	0	5	0	0
subsample_0396	1	(2,6]	55	111	166	14	14	14	0	14	0	0
subsample_0396	1	(6,40]	46	323	369	353	353	298	55	353	0	0
subsample_0397	1	[0,2]	117	9	126	1	1	1	0	1	0	0
subsample_0397	1	(2,6]	48	122	170	9	9	9	0	9	0	0
subsample_0397	1	(6,40]	53	364	417	372	372	364	8	372	0	0
subsample_0398	1	[0,2]	86	30	116	2	2	2	0	2	0	0
subsample_0398	1	(2,6]	45	110	155	6	6	6	0	6	0	0
subsample_0398	1	(6,40]	44	281	325	304	304	298	6	304	0	0
subsample_0399	1	[0,2]	101	12	113	5	5	5	0	5	0	0
subsample_0399	1	(2,6]	120	190	310	8	8	8	0	8	0	0
subsample_0399	1	(6,40]	39	310	349	321	321	306	15	321	0	0
subsample_0400	1	[0,2]	93	6	99	0	0	0	0	0	0	0
subsample_0400	1	(2,6]	56	132	188	8	8	8	0	8	0	0
subsample_0400	1	(6,40]	54	322	376	263	263	258	5	263	0	0
subsample_0401	1	[0,2]	88	12	100	3	3	3	0	3	0	0
subsample_0401	1	(2,6]	42	156	198	8	8	8	0	8	0	0
subsample_0401	1	(6,40]	35	333	368	370	370	353	17	370	0	0
subsample_0402	1	[0,2]	144	17	161	2	2	2	0	2	0	0
subsample_0402	1	(2,6]	65	212	277	4	4	4	0	4	0	0
subsample_0402	1	(6,40]	52	367	419	267	267	228	39	267	0	0
subsample_0403	1	[0,2]	199	16	215	3	3	3	0	3	0	0
subsample_0403	1	(2,6]	145	199	344	3	3	3	0	3	0	0
subsample_0403	1	(6,40]	44	509	553	318	318	311	7	318	0	0
subsample_0404	1	[0,2]	118	1	119	3	3	3	0	3	0	0
subsample_0404	1	(2,6]	56	147	203	5	5	5	0	5	0	0
subsample_0404	1	(6,40]	38	339	377	328	328	303	25	328	0	0
subsample_0405	1	[0,2]	106	10	116	1	1	1	0	1	0	0
subsample_0405	1	(2,6]	62	121	183	13	13	13	0	13	0	0
subsample_0405	1	(6,40]	39	350	389	353	353	333	20	353	0	0
subsample_0406	1	[0,2]	69	7	76	0	0	0	0	0	0	0
subsample_0406	1	(2,6]	45	147	192	2	2	2	0	2	0	0
subsample_0406	1	(6,40]	52	336	388	352	352	338	14	352	0	0
subsample_0407	1	[0,2]	60	21	81	3	3	3	0	3	0	0
subsample_0407	1	(2,6]	47	113	160	6	6	6	0	6	0	0
subsample_0407	1	(6,40]	78	362	440	321	321	297	24	321	0	0
subsample_0408	1	[0,2]	102	12	114	5	5	5	0	5	0	0
subsample_0408	1	(2,6]	53	135	188	3	3	3	0	3	0	0
subsample_0408	1	(6,40]	64	238	302	307	307	299	8	307	0	0
subsample_0409	1	[0,2]	86	15	101	2	2	2	0	2	0	0
subsample_0409	1	(2,6]	75	158	233	6	6	6	0	6	0	0
subsample_0409	1	(6,40]	74	290	364	349	349	309	40	349	0	0
subsample_0410	1	[0,2]	85	18	103	0	0	0	0	0	0	0
subsample_0410	1	(2,6]	23	35	58	13	13	13	0	13	0	0
subsample_0410	1	(6,40]	83	418	501	281	281	281	0	281	0	0
subsample_0411	1	[0,2]	72	19	91	1	1	1	0	1	0	0
subsample_0411	1	(2,6]	36	28	64	9	9	9	0	9	0	0
subsample_0411	1	(6,40]	69	425	494	353	353	343	10	353	0	0
subsample_0412	1	[0,2]	99	14	113	1	1	1	0	1	0	0
subsample_0412	1	(2,6]	54	87	141	4	4	4	0	4	0	0
subsample_0412	1	(6,40]	77	325	402	396	396	376	20	396	0	0
subsample_0413	1	[0,2]	109	6	115	2	2	2	0	2	0	0
subsample_0413	1	(2,6]	37	112	149	6	6	6	0	6	0	0
subsample_0413	1	(6,40]	55	283	338	426	426	399	27	426	0	0
subsample_0414	1	[0,2]	113	18	131	5	5	5	0	5	0	0
subsample_0414	1	(2,6]	37	145	182	11	11	11	0	11	0	0
subsample_0414	1	(6,40]	37	239	276	345	345	305	40	345	0	0
subsample_0415	1	[0,2]	91	15	106	2	2	2	0	2	0	0
subsample_0415	1	(2,6]	35	162	197	3	3	3	0	3	0	0
subsample_0415	1	(6,40]	42	379	421	357	357	337	20	357	0	0
subsample_0416	1	[0,2]	133	8	141	0	0	0	0	0	0	0
subsample_0416	1	(2,6]	93	107	200	3	3	3	0	3	0	0
subsample_0416	1	(6,40]	38	332	370	367	367	337	30	367	0	0
subsample_0417	1	[0,2]	130	6	136	1	1	1	0	1	0	0
subsample_0417	1	(2,6]	65	147	212	8	8	8	0	8	0	0
subsample_0417	1	(6,40]	32	149	181	215	215	201	14	215	0	0
subsample_0418	1	[0,2]	106	16	122	4	4	4	0	4	0	0
subsample_0418	1	(2,6]	62	133	195	13	13	13	0	13	0	0
subsample_0418	1	(6,40]	68	401	469	266	266	249	17	266	0	0
subsample_0419	1	[0,2]	88	28	116	0	0	0	0	0	0	0
subsample_0419	1	(2,6]	18	31	49	3	3	3	0	3	0	0
subsample_0419	1	(6,40]	113	378	491	249	249	234	15	249	0	0
subsample_0420	1	[0,2]	97	16	113	4	4	4	0	4	0	0
subsample_0420	1	(2,6]	41	134	175	12	12	12	0	12	0	0
subsample_0420	1	(6,40]	47	279	326	343	343	326	17	343	0	0
subsample_0421	1	[0,2]	50	8	58	6	6	6	0	6	0	0
subsample_0421	1	(2,6]	58	122	180	7	7	7	0	7	0	0
subsample_0421	1	(6,40]	73	213	286	296	296	263	33	296	0	0
subsample_0422	1	[0,2]	124	12	136	2	2	2	0	2	0	0
subsample_0422	1	(2,6]	50	159	209	6	6	6	0	6	0	0
subsample_0422	1	(6,40]	30	272	302	305	305	274	31	305	0	0
subsample_0423	1	[0,2]	138	3	141	4	4	4	0	4	0	0
subsample_0423	1	(2,6]	50	147	197	7	7	7	0	7	0	0
subsample_0423	1	(6,40]	54	459	513	330	330	299	31	330	0	0
subsample_0424	1	[0,2]	130	14	144	9	9	9	0	9	0	0
subsample_0424	1	(2,6]	66	157	223	12	12	12	0	12	0	0
subsample_0424	1	(6,40]	39	249	288	263	263	236	27	263	0	0
subsample_0425	1	[0,2]	85	4	89	0	0	0	0	0	0	0
subsample_0425	1	(2,6]	24	55	79	4	4	4	0	4	0	0
subsample_0425	1	(6,40]	93	382	475	298	298	298	0	298	0	0
subsample_0426	1	[0,2]	126	21	147	5	5	5	0	5	0	0
subsample_0426	1	(2,6]	88	160	248	3	3	3	0	3	0	0
subsample_0426	1	(6,40]	56	435	491	373	373	357	16	373	0	0
subsample_0427	1	[0,2]	91	20	111	1	1	1	0	1	0	0
subsample_0427	1	(2,6]	109	182	291	8	8	8	0	8	0	0
subsample_0427	1	(6,40]	30	212	242	337	337	321	16	337	0	0
subsample_0428	1	[0,2]	72	7	79	2	2	2	0	2	0	0
subsample_0428	1	(2,6]	75	131	206	0	0	0	0	0	0	0
subsample_0428	1	(6,40]	47	283	330	318	318	288	30	318	0	0
subsample_0429	1	[0,2]	83	17	100	2	2	2	0	2	0	0
subsample_0429	1	(2,6]	48	111	159	3	3	3	0	3	0	0
subsample_0429	1	(6,40]	43	278	321	341	341	322	19	341	0	0
subsample_0430	1	[0,2]	131	14	145	0	0	0	0	0	0	0
subsample_0430	1	(2,6]	89	192	281	5	5	5	0	5	0	0
subsample_0430	1	(6,40]	52	277	329	310	310	279	31	310	0	0
subsample_0431	1	[0,2]	84	14	98	0	0	0	0	0	0	0
subsample_0431	1	(2,6]	47	131	178	1	1	1	0	1	0	0
subsample_0431	1	(6,40]	61	235	296	248	248	228	20	248	0	0
subsample_0432	1	[0,2]	194	17	211	3	3	3	0	3	0	0
subsample_0432	1	(2,6]	109	351	460	9	9	9	0	9	0	0
subsample_0432	1	(6,40]	50	236	286	272	272	248	24	272	0	0
subsample_0433	1	[0,2]	76	11	87	2	2	2	0	2	0	0
subsample_0433	1	(2,6]	92	110	202	6	6	6	0	6	0	0
subsample_0433	1	(6,40]	52	296	348	360	360	335	25	360	0	0
subsample_0434	1	[0,2]	97	8	105	12	12	12	0	12	0	0
subsample_0434	1	(2,6]	43	123	166	12	12	12	0	12	0	0
subsample_0434	1	(6,40]	51	322	373	403	403	385	18	403	0	0
subsample_0435	1	[0,2]	87	14	101	4	4	4	0	4	0	0
subsample_0435	1	(2,6]	55	112	167	2	2	2	0	2	0	0
subsample_0435	1	(6,40]	42	342	384	352	352	331	21	352	0	0
subsample_0436	1	[0,2]	105	34	139	4	4	4	0	4	0	0
subsample_0436	1	(2,6]	59	295	354	11	11	11	0	11	0	0
subsample_0436	1	(6,40]	55	326	381	330	330	294	36	330	0	0
subsample_0437	1	[0,2]	100	4	104	7	7	7	0	7	0	0
subsample_0437	1	(2,6]	66	141	207	5	5	5	0	5	0	0
subsample_0437	1	(6,40]	46	241	287	319	319	281	38	319	0	0
subsample_0438	1	[0,2]	105	22	127	3	3	3	0	3	0	0
subsample_0438	1	(2,6]	42	161	203	0	0	0	0	0	0	0
subsample_0438	1	(6,40]	53	395	448	397	397	365	32	397	0	0
subsample_0439	1	[0,2]	88	21	109	5	5	5	0	5	0	0
subsample_0439	1	(2,6]	72	119	191	8	8	8	0	8	0	0
subsample_0439	1	(6,40]	68	280	348	327	327	316	11	327	0	0
subsample_0440	1	[0,2]	88	6	94	2	2	2	0	2	0	0
subsample_0440	1	(2,6]	41	110	151	2	2	2	0	2	0	0
subsample_0440	1	(6,40]	65	191	256	312	312	300	12	312	0	0
subsample_0441	1	[0,2]	54	12	66	0	0	0	0	0	0	0
subsample_0441	1	(2,6]	25	26	51	4	4	4	0	4	0	0
subsample_0441	1	(6,40]	54	264	318	322	322	304	18	322	0	0
subsample_0442	1	[0,2]	65	7	72	0	0	0	0	0	0	0
subsample_0442	1	(2,6]	31	12	43	0	0	0	0	0	0	0
subsample_0442	1	(6,40]	65	249	314	282	282	273	9	282	0	0
subsample_0443	1	[0,2]	105	5	110	6	6	6	0	6	0	0
subsample_0443	1	(2,6]	82	140	222	5	5	5	0	5	0	0
subsample_0443	1	(6,40]	61	208	269	302	302	274	28	302	0	0
subsample_0444	1	[0,2]	133	34	167	0	0	0	0	0	0	0
subsample_0444	1	(2,6]	95	271	366	4	4	4	0	4	0	0
subsample_0444	1	(6,40]	61	317	378	197	197	183	14	197	0	0
subsample_0445	1	[0,2]	78	6	84	0	0	0	0	0	0	0
subsample_0445	1	(2,6]	17	64	81	8	8	8	0	8	0	0
subsample_0445	1	(6,40]	72	271	343	202	202	181	21	202	0	0
subsample_0446	1	[0,2]	133	11	144	2	2	2	0	2	0	0
subsample_0446	1	(2,6]	46	164	210	2	2	2	0	2	0	0
subsample_0446	1	(6,40]	67	174	241	222	222	214	8	222	0	0
subsample_0447	1	[0,2]	104	30	134	2	2	2	0	2	0	0
subsample_0447	1	(2,6]	50	170	220	5	5	5	0	5	0	0
subsample_0447	1	(6,40]	29	460	489	384	384	353	31	384	0	0
subsample_0448	1	[0,2]	101	23	124	3	3	3	0	3	0	0
subsample_0448	1	(2,6]	99	224	323	6	6	6	0	6	0	0
subsample_0448	1	(6,40]	36	332	368	312	312	291	21	312	0	0
subsample_0449	1	[0,2]	118	19	137	0	0	0	0	0	0	0
subsample_0449	1	(2,6]	36	32	68	0	0	0	0	0	0	0
subsample_0449	1	(6,40]	58	326	384	198	198	188	10	198	0	0
subsample_0450	1	[0,2]	64	12	76	6	6	6	0	6	0	0
subsample_0450	1	(2,6]	57	125	182	14	14	14	0	14	0	0
subsample_0450	1	(6,40]	71	285	356	291	291	270	21	291	0	0
subsample_0451	1	[0,2]	89	7	96	3	3	3	0	3	0	0
subsample_0451	1	(2,6]	21	20	41	2	2	2	0	2	0	0
subsample_0451	1	(6,40]	65	294	359	247	247	221	26	247	0	0
subsample_0452	1	[0,2]	91	18	109	2	2	2	0	2	0	0
subsample_0452	1	(2,6]	34	153	187	1	1	1	0	1	0	0
subsample_0452	1	(6,40]	34	264	298	364	364	336	28	364	0	0
subsample_0453	1	[0,2]	104	10	114	3	3	3	0	3	0	0
subsample_0453	1	(2,6]	91	153	244	3	3	3	0	3	0	0
subsample_0453	1	(6,40]	59	361	420	315	315	297	18	315	0	0
subsample_0454	1	[0,2]	77	12	89	1	1	1	0	1	0	0
subsample_0454	1	(2,6]	13	24	37	6	6	6	0	6	0	0
subsample_0454	1	(6,40]	91	372	463	372	372	340	32	372	0	0
subsample_0455	1	[0,2]	118	14	132	0	0	0	0	0	0	0
subsample_0455	1	(2,6]	33	37	70	10	10	10	0	10	0	0
subsample_0455	1	(6,40]	71	356	427	233	233	215	18	233	0	0
subsample_0456	1	[0,2]	101	12	113	0	0	0	0	0	0	0
subsample_0456	1	(2,6]	51	125	176	1	1	1	0	1	0	0
subsample_0456	1	(6,40]	31	321	352	353	353	319	34	353	0	0
subsample_0457	1	[0,2]	71	5	76	4	4	4	0	4	0	0
subsample_0457	1	(2,6]	43	134	177	8	8	8	0	8	0	0
subsample_0457	1	(6,40]	57	265	322	283	283	274	9	283	0	0
subsample_0458	1	[0,2]	136	17	153	2	2	2	0	2	0	0
subsample_0458	1	(2,6]	105	183	288	2	2	2	0	2	0	0
subsample_0458	1	(6,40]	39	384	423	308	308	289	19	308	0	0
subsample_0459	1	[0,2]	125	26	151	0	0	0	0	0	0	0
subsample_0459	1	(2,6]	91	127	218	15	15	15	0	15	0	0
subsample_0459	1	(6,40]	25	437	462	334	334	307	27	334	0	0
subsample_0460	1	[0,2]	110	17	127	3	3	3	0	3	0	0
subsample_0460	1	(2,6]	98	186	284	14	14	14	0	14	0	0
subsample_0460	1	(6,40]	36	442	478	422	422	385	37	422	0	0
subsample_0461	1	[0,2]	103	18	121	2	2	2	0	2	0	0
subsample_0461	1	(2,6]	61	130	191	3	3	3	0	3	0	0
subsample_0461	1	(6,40]	43	302	345	386	386	373	13	386	0	0
subsample_0462	1	[0,2]	92	30	122	0	0	0	0	0	0	0
subsample_0462	1	(2,6]	80	179	259	9	9	9	0	9	0	0
subsample_0462	1	(6,40]	46	339	385	292	292	254	38	292	0	0
subsample_0463	1	[0,2]	87	15	102	3	3	3	0	3	0	0
subsample_0463	1	(2,6]	51	114	165	14	14	14	0	14	0	0
subsample_0463	1	(6,40]	70	290	360	437	437	392	45	437	0	0
subsample_0464	1	[0,2]	91	21	112	4	4	4	0	4	0	0
subsample_0464	1	(2,6]	59	192	251	9	9	9	0	9	0	0
subsample_0464	1	(6,40]	41	252	293	391	391	366	25	391	0	0
subsample_0465	1	[0,2]	93	10	103	4	4	4	0	4	0	0
subsample_0465	1	(2,6]	77	215	292	7	7	7	0	7	0	0
subsample_0465	1	(6,40]	60	280	340	354	354	350	4	354	0	0
subsample_0466	1	[0,2]	68	6	74	0	0	0	0	0	0	0
subsample_0466	1	(2,6]	30	27	57	2	2	2	0	2	0	0
subsample_0466	1	(6,40]	81	377	458	176	176	150	26	176	0	0
subsample_0467	1	[0,2]	59	12	71	8	8	8	0	8	0	0
subsample_0467	1	(2,6]	44	125	169	14	14	14	0	14	0	0
subsample_0467	1	(6,40]	55	257	312	353	353	336	17	353	0	0
subsample_0468	1	[0,2]	87	11	98	4	4	4	0	4	0	0
subsample_0468	1	(2,6]	78	160	238	3	3	3	0	3	0	0
subsample_0468	1	(6,40]	45	285	330	278	278	256	22	278	0	0
subsample_0469	1	[0,2]	105	6	111	4	4	4	0	4	0	0
subsample_0469	1	(2,6]	68	156	224	1	1	1	0	1	0	0
subsample_0469	1	(6,40]	31	434	465	344	344	289	55	344	0	0
subsample_0470	1	[0,2]	62	11	73	0	0	0	0	0	0	0
subsample_0470	1	(2,6]	62	127	189	2	2	2	0	2	0	0
subsample_0470	1	(6,40]	65	230	295	254	254	248	6	254	0	0
subsample_0471	1	[0,2]	88	19	107	7	7	7	0	7	0	0
subsample_0471	1	(2,6]	34	42	76	19	19	19	0	19	0	0
subsample_0471	1	(6,40]	112	460	572	312	312	296	16	312	0	0
subsample_0472	1	[0,2]	85	15	100	2	2	2	0	2	0	0
subsample_0472	1	(2,6]	62	91	153	3	3	3	0	3	0	0
subsample_0472	1	(6,40]	56	284	340	283	283	248	35	283	0	0
subsample_0473	1	[0,2]	110	20	130	1	1	1	0	1	0	0
subsample_0473	1	(2,6]	17	27	44	8	8	8	0	8	0	0
subsample_0473	1	(6,40]	109	332	441	268	268	250	18	268	0	0
subsample_0474	1	[0,2]	94	33	127	1	1	1	0	1	0	0
subsample_0474	1	(2,6]	59	154	213	6	6	6	0	6	0	0
subsample_0474	1	(6,40]	47	301	348	416	416	383	33	416	0	0
subsample_0475	1	[0,2]	111	9	120	0	0	0	0	0	0	0
subsample_0475	1	(2,6]	71	134	205	2	2	2	0	2	0	0
subsample_0475	1	(6,40]	35	193	228	215	215	195	20	215	0	0
subsample_0476	1	[0,2]	103	10	113	0	0	0	0	0	0	0
subsample_0476	1	(2,6]	28	40	68	8	8	8	0	8	0	0
subsample_0476	1	(6,40]	83	466	549	351	351	315	36	351	0	0
subsample_0477	1	[0,2]	75	24	99	4	4	4	0	4	0	0
subsample_0477	1	(2,6]	73	190	263	10	10	10	0	10	0	0
subsample_0477	1	(6,40]	43	308	351	397	397	348	49	397	0	0
subsample_0478	1	[0,2]	115	16	131	2	2	2	0	2	0	0
subsample_0478	1	(2,6]	49	129	178	5	5	5	0	5	0	0
subsample_0478	1	(6,40]	46	302	348	394	394	363	31	394	0	0
subsample_0479	1	[0,2]	84	15	99	5	5	5	0	5	0	0
subsample_0479	1	(2,6]	59	158	217	8	8	8	0	8	0	0
subsample_0479	1	(6,40]	58	505	563	394	394	372	22	394	0	0
subsample_0480	1	[0,2]	105	8	113	4	4	4	0	4	0	0
subsample_0480	1	(2,6]	47	164	211	6	6	6	0	6	0	0
subsample_0480	1	(6,40]	47	348	395	410	410	392	18	410	0	0
subsample_0481	1	[0,2]	89	38	127	9	9	9	0	9	0	0
subsample_0481	1	(2,6]	58	182	240	10	10	10	0	10	0	0
subsample_0481	1	(6,40]	30	347	377	364	364	351	13	364	0	0
subsample_0482	1	[0,2]	77	9	86	8	8	8	0	8	0	0
subsample_0482	1	(2,6]	45	177	222	5	5	5	0	5	0	0
subsample_0482	1	(6,40]	45	264	309	308	308	288	20	308	0	0
subsample_0483	1	[0,2]	160	17	177	7	7	7	0	7	0	0
subsample_0483	1	(2,6]	116	135	251	0	0	0	0	0	0	0
subsample_0483	1	(6,40]	24	234	258	306	306	288	18	306	0	0
subsample_0484	1	[0,2]	119	16	135	0	0	0	0	0	0	0
subsample_0484	1	(2,6]	77	180	257	3	3	3	0	3	0	0
subsample_0484	1	(6,40]	44	220	264	260	260	260	0	260	0	0
subsample_0485	1	[0,2]	91	26	117	3	3	3	0	3	0	0
subsample_0485	1	(2,6]	45	163	208	7	7	7	0	7	0	0
subsample_0485	1	(6,40]	68	313	381	332	332	319	13	332	0	0
subsample_0486	1	[0,2]	69	34	103	0	0	0	0	0	0	0
subsample_0486	1	(2,6]	66	140	206	5	5	5	0	5	0	0
subsample_0486	1	(6,40]	63	353	416	372	372	354	18	372	0	0
subsample_0487	1	[0,2]	110	20	130	1	1	1	0	1	0	0
subsample_0487	1	(2,6]	87	185	272	11	11	11	0	11	0	0
subsample_0487	1	(6,40]	29	289	318	408	408	380	28	408	0	0
subsample_0488	1	[0,2]	109	11	120	0	0	0	0	0	0	0
subsample_0488	1	(2,6]	66	149	215	6	6	6	0	6	0	0
subsample_0488	1	(6,40]	59	272	331	335	335	306	29	335	0	0
subsample_0489	1	[0,2]	82	28	110	4	4	4	0	4	0	0
subsample_0489	1	(2,6]	78	180	258	3	3	3	0	3	0	0
subsample_0489	1	(6,40]	45	221	266	313	313	289	24	313	0	0
subsample_0490	1	[0,2]	66	6	72	0	0	0	0	0	0	0
subsample_0490	1	(2,6]	36	116	152	1	1	1	0	1	0	0
subsample_0490	1	(6,40]	80	316	396	337	337	306	31	337	0	0
subsample_0491	1	[0,2]	134	32	166	3	3	3	0	3	0	0
subsample_0491	1	(2,6]	68	221	289	1	1	1	0	1	0	0
subsample_0491	1	(6,40]	33	319	352	383	383	340	43	383	0	0
subsample_0492	1	[0,2]	73	9	82	0	0	0	0	0	0	0
subsample_0492	1	(2,6]	56	90	146	3	3	3	0	3	0	0
subsample_0492	1	(6,40]	59	251	310	285	285	266	19	285	0	0
subsample_0493	1	[0,2]	70	22	92	4	4	4	0	4	0	0
subsample_0493	1	(2,6]	48	127	175	13	13	13	0	13	0	0
subsample_0493	1	(6,40]	43	300	343	440	440	413	27	440	0	0
subsample_0494	1	[0,2]	96	13	109	0	0	0	0	0	0	0
subsample_0494	1	(2,6]	31	158	189	11	11	11	0	11	0	0
subsample_0494	1	(6,40]	39	342	381	329	329	289	40	329	0	0
subsample_0495	1	[0,2]	125	10	135	4	4	4	0	4	0	0
subsample_0495	1	(2,6]	15	16	31	9	9	9	0	9	0	0
subsample_0495	1	(6,40]	63	451	514	221	221	187	34	221	0	0
subsample_0496	1	[0,2]	98	15	113	0	0	0	0	0	0	0
subsample_0496	1	(2,6]	25	20	45	6	6	6	0	6	0	0
subsample_0496	1	(6,40]	69	315	384	259	259	246	13	259	0	0
subsample_0497	1	[0,2]	67	19	86	8	8	8	0	8	0	0
subsample_0497	1	(2,6]	52	130	182	10	10	10	0	10	0	0
subsample_0497	1	(6,40]	78	293	371	332	332	321	11	332	0	0
subsample_0498	1	[0,2]	113	18	131	6	6	6	0	6	0	0
subsample_0498	1	(2,6]	54	138	192	1	1	1	0	1	0	0
subsample_0498	1	(6,40]	45	381	426	408	408	383	25	408	0	0
subsample_0499	1	[0,2]	134	14	148	1	1	1	0	1	0	0
subsample_0499	1	(2,6]	37	88	125	4	4	4	0	4	0	0
subsample_0499	1	(6,40]	53	313	366	299	299	285	14	299	0	0
subsample_0500	1	[0,2]	82	27	109	3	3	3	0	3	0	0
subsample_0500	1	(2,6]	68	142	210	4	4	4	0	4	0	0
subsample_0500	1	(6,40]	56	259	315	308	308	295	13	308	0	0
